#
_pdbx_point_symmetry.entry_id               2VF9
_pdbx_point_symmetry.Schoenflies_symbol        I 
#
loop_
_pdbx_struct_oper_list.id
_pdbx_struct_oper_list.type 
_pdbx_struct_oper_list.matrix[1][1]
_pdbx_struct_oper_list.matrix[1][2]
_pdbx_struct_oper_list.matrix[1][3]
_pdbx_struct_oper_list.vector[1]
_pdbx_struct_oper_list.matrix[2][1]
_pdbx_struct_oper_list.matrix[2][2]
_pdbx_struct_oper_list.matrix[2][3] 
_pdbx_struct_oper_list.vector[2]
_pdbx_struct_oper_list.matrix[3][1]
_pdbx_struct_oper_list.matrix[3][2] 
_pdbx_struct_oper_list.matrix[3][3]
_pdbx_struct_oper_list.vector[3]
   P         'transform to point frame'
        0.99434626   -0.00780426   -0.10589901             0.00000
        0.01415908    0.99813444    0.05938982             0.00000
        0.10523796   -0.06055348    0.99260176             0.00000
   X0      'transform to crystal frame'
        1.00000000    0.00000000    0.00000000             0.00000
        0.00000000    1.00000000    0.00000000             0.00000
        0.00000000    0.00000000    1.00000000             0.00000
   X1      'transform to crystal frame'
        0.97869200   -0.01316800   -0.20491200           142.20000
        0.01321500    0.99991200   -0.00113600           -30.04999
        0.20490800   -0.00159600    0.97878000          -214.74836
   1     'point symmetry operation'
        1.00000000    0.00000000    0.00000000             0.00000
        0.00000000    1.00000000    0.00000000             0.00000
        0.00000000    0.00000000    1.00000000             0.00000
   2     'point symmetry operation'
        0.31551371   -0.80101906    0.50874312             0.00000
        0.86443414    0.46376716    0.19409699             0.00000
       -0.39141373    0.37853466    0.83875312             0.00000
   3     'point symmetry operation'
       -0.79200837   -0.43164193    0.43174992             0.00000
        0.59766476   -0.40387581    0.69259019             0.00000
       -0.12457761    0.80657893    0.57785019             0.00000
   4     'point symmetry operation'
       -0.79200837    0.59766476   -0.12457762             0.00000
       -0.43164192   -0.40387581    0.80657894             0.00000
        0.43174992    0.69259018    0.57785019             0.00000
   5     'point symmetry operation'
        0.31551371    0.86443414   -0.39141374             0.00000
       -0.80101906    0.46376715    0.37853466             0.00000
        0.50874312    0.19409699    0.83875312             0.00000
   6     'point symmetry operation'
       -0.97784994   -0.01274505    0.20891876             0.00000
       -0.01274505   -0.99266655   -0.12021098             0.00000
        0.20891877   -0.12021098    0.97051650             0.00000
   7     'point symmetry operation'
       -0.40131599    0.85644870   -0.32471695             0.00000
       -0.81506387   -0.49566114   -0.29998488             0.00000
       -0.41787122    0.14427631    0.89697713             0.00000
   8     'point symmetry operation'
        0.74082147    0.59573792   -0.31028999             0.00000
       -0.56821204    0.30945566   -0.76247773             0.00000
       -0.35821590    0.74117036    0.56775685             0.00000
   9     'point symmetry operation'
        0.87016729   -0.43458395    0.23226207             0.00000
        0.38666960    0.31003980   -0.86854013             0.00000
        0.30544311    0.84558389    0.43782689             0.00000
  10     'point symmetry operation'
       -0.19203006   -0.81064711    0.55315073             0.00000
        0.72996708   -0.49471598   -0.47159744             0.00000
        0.65595161    0.31322094    0.68674604             0.00000
  11     'point symmetry operation'
       -0.99959904    0.02826532    0.00168181             0.00000
        0.02826533    0.99254474    0.11855805             0.00000
        0.00168181    0.11855805   -0.99294570             0.00000
  12     'point symmetry operation'
       -0.29161198    0.81444304   -0.50164230             0.00000
        0.82050241    0.48254692    0.30647068             0.00000
        0.49166885   -0.32222819   -0.80896893             0.00000
  13     'point symmetry operation'
        0.80837448    0.42140969   -0.41102869             0.00000
        0.55605296   -0.31743889    0.76813910             0.00000
        0.19322476   -0.84949775   -0.49093559             0.00000
  14     'point symmetry operation'
        0.78021643   -0.60767599    0.14829772             0.00000
       -0.39962287   -0.30185948    0.86555325             0.00000
       -0.48121086   -0.73458201   -0.47835695             0.00000
  15     'point symmetry operation'
       -0.33717266   -0.85065257    0.40336683             0.00000
       -0.72581356    0.50775493    0.46409008             0.00000
       -0.59959092   -0.13629062   -0.78861626             0.00000
  16     'point symmetry operation'
        0.97744899   -0.01552027   -0.21060057             0.00000
       -0.01552028   -0.99987819    0.00165293             0.00000
       -0.21060058    0.00165293   -0.97757080             0.00000
  17     'point symmetry operation'
        0.37741426   -0.86987268    0.31761612             0.00000
       -0.86987268   -0.45065293   -0.20058279             0.00000
        0.31761611   -0.20058278   -0.92676132             0.00000
  18     'point symmetry operation'
       -0.75718758   -0.58550568    0.28956875             0.00000
       -0.58550568    0.41185903   -0.69825156             0.00000
        0.28956875   -0.69825154   -0.65467145             0.00000
  19     'point symmetry operation'
       -0.85837535    0.44459519   -0.25598217             0.00000
        0.44459519    0.39569549   -0.80359206             0.00000
       -0.25598217   -0.80359205   -0.53732014             0.00000
  20     'point symmetry operation'
        0.21368900    0.79686554   -0.56510381             0.00000
        0.79686554   -0.47680609   -0.37102730             0.00000
       -0.56510381   -0.37102730   -0.73688291             0.00000
  21     'point symmetry operation'
        0.12021207    0.04472000    0.99174049             0.00000
        0.99081257   -0.06775764   -0.11704424             0.00000
        0.06196378    0.99669906   -0.05245443             0.00000
  22     'point symmetry operation'
       -0.31159479    0.29985565    0.90166251             0.00000
        0.29985566   -0.86938882    0.39274631             0.00000
        0.90166250    0.39274630    0.18098362             0.00000
  23     'point symmetry operation'
       -0.19203005    0.72996708    0.65595161             0.00000
       -0.81064711   -0.49471599    0.31322094             0.00000
        0.55315072   -0.47159744    0.68674604             0.00000
  24     'point symmetry operation'
        0.31367189    0.74065491    0.59417191             0.00000
       -0.80601865    0.53847574   -0.24571899             0.00000
       -0.50194013   -0.40183850    0.76588637             0.00000
  25     'point symmetry operation'
        0.50664813    0.31714892    0.80170084             0.00000
        0.30734466    0.80235051   -0.51163749             0.00000
       -0.80551035    0.50561864    0.30903535             0.00000
  26     'point symmetry operation'
        0.08907388   -0.16514225    0.98223922             0.00000
       -0.99245518    0.06870279    0.10155118             0.00000
       -0.08425297   -0.98387395   -0.15777666             0.00000
  27     'point symmetry operation'
       -0.49911249    0.22387416    0.83711832             0.00000
       -0.29349271    0.86527826   -0.40639337             0.00000
       -0.81532125   -0.44852413   -0.36616576             0.00000
  28     'point symmetry operation'
       -0.29161197    0.82050240    0.49166885             0.00000
        0.81444304    0.48254692   -0.32222820             0.00000
       -0.50164229    0.30647067   -0.80896894             0.00000
  29     'point symmetry operation'
        0.42481677    0.80022252    0.42329025             0.00000
        0.80022252   -0.55056953    0.23773330             0.00000
        0.42329024    0.23773329   -0.87424725             0.00000
  30     'point symmetry operation'
        0.66009357    0.19106062    0.72647941             0.00000
       -0.31650200   -0.80633926    0.49964336             0.00000
        0.68125103   -0.55974354   -0.47178829             0.00000
  31     'point symmetry operation'
       -0.11723192    0.16536326   -0.97924036             0.00000
       -0.99252733   -0.05312339    0.10985172             0.00000
       -0.03385512    0.98480094    0.17035531             0.00000
  32     'point symmetry operation'
        0.48924549   -0.20008136   -0.84888533             0.00000
       -0.40207512    0.81197911   -0.42311407             0.00000
        0.77393439    0.54832232    0.31680939             0.00000
  33     'point symmetry operation'
        0.31367188   -0.80601865   -0.50194013             0.00000
        0.74065491    0.53847574   -0.40183850             0.00000
        0.59417190   -0.24571898    0.76588637             0.00000
  34     'point symmetry operation'
       -0.40131600   -0.81506386   -0.41787123             0.00000
        0.85644870   -0.49566114    0.14427632             0.00000
       -0.32471694   -0.29998488    0.89697714             0.00000
  35     'point symmetry operation'
       -0.66762919   -0.21471683   -0.71285900             0.00000
       -0.21471683   -0.86128951    0.46051827             0.00000
       -0.71285898    0.46051825    0.52891870             0.00000
  36     'point symmetry operation'
       -0.09205402   -0.04494100   -0.99473935             0.00000
        0.99416994    0.05217824   -0.09435866             0.00000
        0.05614432   -0.99762604    0.03987579             0.00000
  37     'point symmetry operation'
        0.32146180   -0.32364846   -0.88989550             0.00000
        0.39571217   -0.80786855    0.43676114             0.00000
       -0.86027564   -0.49254450   -0.13162724             0.00000
  38     'point symmetry operation'
        0.16997015   -0.74445084   -0.64568033             0.00000
       -0.74445084   -0.52630667    0.41084576             0.00000
       -0.64568033    0.41084575   -0.64366348             0.00000
  39     'point symmetry operation'
       -0.33717266   -0.72581356   -0.59959092             0.00000
       -0.85065257    0.50775493   -0.13629063             0.00000
        0.40336682    0.46409009   -0.78861625             0.00000
  40     'point symmetry operation'
       -0.49911250   -0.29349271   -0.81532126             0.00000
        0.22387417    0.86527826   -0.44852413             0.00000
        0.83711831   -0.40639336   -0.36616575             0.00000
  41     'point symmetry operation'
        0.12021207    0.99081257    0.06196377             0.00000
        0.04472001   -0.06775764    0.99669907             0.00000
        0.99174047   -0.11704424   -0.05245442             0.00000
  42     'point symmetry operation'
        0.87016730    0.38666961    0.30544311             0.00000
       -0.43458395    0.31003979    0.84558389             0.00000
        0.23226207   -0.86854011    0.43782690             0.00000
  43     'point symmetry operation'
        0.48924550   -0.40207512    0.77393440             0.00000
       -0.20008136    0.81197911    0.54832232             0.00000
       -0.84888532   -0.42311407    0.31680938             0.00000
  44     'point symmetry operation'
       -0.49613235   -0.28540321    0.81999860             0.00000
        0.42415317    0.74439723    0.51571975             0.00000
       -0.75759275    0.60367025   -0.24826488             0.00000
  45     'point symmetry operation'
       -0.72420755    0.57544872    0.37997655             0.00000
        0.57544873    0.20069002    0.79283182             0.00000
        0.37997656    0.79283180   -0.47648246             0.00000
  46     'point symmetry operation'
       -0.11723192   -0.99252733   -0.03385513             0.00000
        0.16536326   -0.05312338    0.98480095             0.00000
       -0.97924035    0.10985172    0.17035531             0.00000
  47     'point symmetry operation'
       -0.88171143   -0.37921191   -0.28068360             0.00000
       -0.37921191    0.21568529    0.89982120             0.00000
       -0.28068359    0.89982119   -0.33397386             0.00000
  48     'point symmetry operation'
       -0.49613236    0.42415316   -0.75759276             0.00000
       -0.28540320    0.74439723    0.60367025             0.00000
        0.81999859    0.51571974   -0.24826487             0.00000
  49     'point symmetry operation'
        0.50664812    0.30734467   -0.80551036             0.00000
        0.31714893    0.80235051    0.50561865             0.00000
        0.80170083   -0.51163748    0.30903536             0.00000
  50     'point symmetry operation'
        0.74082147   -0.56821203   -0.35821591             0.00000
        0.59573793    0.30945566    0.74117038             0.00000
       -0.31028998   -0.76247772    0.56775686             0.00000
  51     'point symmetry operation'
       -0.09205401    0.99416994    0.05614432             0.00000
       -0.04494101    0.05217823   -0.99762606             0.00000
       -0.99473934   -0.09435867    0.03987578             0.00000
  52     'point symmetry operation'
        0.80837448    0.55605296    0.19322477             0.00000
        0.42140968   -0.31743888   -0.84949776             0.00000
       -0.41102868    0.76813908   -0.49093560             0.00000
  53     'point symmetry operation'
        0.66009356   -0.31650199    0.68125104             0.00000
        0.19106061   -0.80633926   -0.55974355             0.00000
        0.72647940    0.49964335   -0.47178829             0.00000
  54     'point symmetry operation'
       -0.33197757   -0.41765363    0.84578741             0.00000
       -0.41765363   -0.73887919   -0.52879390             0.00000
        0.84578740   -0.52879389    0.07085677             0.00000
  55     'point symmetry operation'
       -0.79683034    0.39238618    0.45945021             0.00000
       -0.56351066   -0.20828620   -0.79942017             0.00000
       -0.21798428   -0.89590733    0.38708255             0.00000
  56     'point symmetry operation'
        0.08907387   -0.99245518   -0.08425296             0.00000
       -0.16514226    0.06870279   -0.98387396             0.00000
        0.98223921    0.10155119   -0.15777666             0.00000
  57     'point symmetry operation'
       -0.79683035   -0.56351065   -0.21798428             0.00000
        0.39238618   -0.20828620   -0.89590734             0.00000
        0.45945021   -0.79942016    0.38708256             0.00000
  58     'point symmetry operation'
       -0.65320670    0.29442396   -0.69759268             0.00000
        0.29442395   -0.75003708   -0.59224903             0.00000
       -0.69759267   -0.59224903    0.40324379             0.00000
  59     'point symmetry operation'
        0.32146180    0.39571218   -0.86027565             0.00000
       -0.32364847   -0.80786855   -0.49254450             0.00000
       -0.88989549    0.43676112   -0.13162724             0.00000
  60     'point symmetry operation'
        0.78021642   -0.39962287   -0.48121086             0.00000
       -0.60767600   -0.30185948   -0.73458202             0.00000
        0.14829771    0.86555324   -0.47835695             0.00000
#
loop_
_pdbx_struct_assembly.id
_pdbx_struct_assembly.details
      1           'complete icosahedral assembly'
      2           'icosahedral asymmetric unit'
      3           'icosahedral pentamer'
      4           'icosahedral 23 hexamer'
      PAU         'icosahedral asymmetric unit, std point frame'
      XAU         'crystal asymmetric unit, crystal frame'
#
loop_
_pdbx_struct_assembly_gen.assembly_id
_pdbx_struct_assembly_gen.oper_expression
_pdbx_struct_assembly_gen.asym_id_list
     1            (1-60)            A,B,C,D
     2              1                 A,B,C,D
     3            (1-5)             A,B,C,D
     4            (1,2,6,10,23,24)  A,B,C,D
     PAU            P                 A,B,C,D
     XAU          (X0)(1-60)    A,B,C,D
     XAU          (X1)(1-60)    A,B,C,D
