## ncs operations to be applied to coordinates in the crystal frame
loop_
_struct_ncs_oper.id
_struct_ncs_oper.code 
_struct_ncs_oper.details 
_struct_ncs_oper.matrix[1][1]
_struct_ncs_oper.matrix[1][2]
_struct_ncs_oper.matrix[1][3]
_struct_ncs_oper.vector[1]
_struct_ncs_oper.matrix[2][1]
_struct_ncs_oper.matrix[2][2]
_struct_ncs_oper.matrix[2][3] 
_struct_ncs_oper.vector[2]
_struct_ncs_oper.matrix[3][1]
_struct_ncs_oper.matrix[3][2] 
_struct_ncs_oper.matrix[3][3]
_struct_ncs_oper.vector[3]
   1    given ?
        1.00000000    0.00000000    0.00000000             0.00000
        0.00000000    1.00000000    0.00000000             0.00000
        0.00000000    0.00000000    1.00000000             0.00000
   2 generate ?
        0.31551371   -0.80101906    0.50874312             0.00000
        0.86443414    0.46376716    0.19409699             0.00000
       -0.39141373    0.37853466    0.83875312             0.00000
   3 generate ?
       -0.79200837   -0.43164193    0.43174992             0.00000
        0.59766476   -0.40387581    0.69259019             0.00000
       -0.12457761    0.80657893    0.57785019             0.00000
   4 generate ?
       -0.79200837    0.59766476   -0.12457762             0.00000
       -0.43164192   -0.40387581    0.80657894             0.00000
        0.43174992    0.69259018    0.57785019             0.00000
   5 generate ?
        0.31551371    0.86443414   -0.39141374             0.00000
       -0.80101906    0.46376715    0.37853466             0.00000
        0.50874312    0.19409699    0.83875312             0.00000
   6 generate ?
       -0.97784994   -0.01274505    0.20891876             0.00000
       -0.01274505   -0.99266655   -0.12021098             0.00000
        0.20891877   -0.12021098    0.97051650             0.00000
   7 generate ?
       -0.40131599    0.85644870   -0.32471695             0.00000
       -0.81506387   -0.49566114   -0.29998488             0.00000
       -0.41787122    0.14427631    0.89697713             0.00000
   8 generate ?
        0.74082147    0.59573792   -0.31028999             0.00000
       -0.56821204    0.30945566   -0.76247773             0.00000
       -0.35821590    0.74117036    0.56775685             0.00000
   9 generate ?
        0.87016729   -0.43458395    0.23226207             0.00000
        0.38666960    0.31003980   -0.86854013             0.00000
        0.30544311    0.84558389    0.43782689             0.00000
  10 generate ?
       -0.19203006   -0.81064711    0.55315073             0.00000
        0.72996708   -0.49471598   -0.47159744             0.00000
        0.65595161    0.31322094    0.68674604             0.00000
  11 generate ?
       -0.99959904    0.02826532    0.00168181             0.00000
        0.02826533    0.99254474    0.11855805             0.00000
        0.00168181    0.11855805   -0.99294570             0.00000
  12 generate ?
       -0.29161198    0.81444304   -0.50164230             0.00000
        0.82050241    0.48254692    0.30647068             0.00000
        0.49166885   -0.32222819   -0.80896893             0.00000
  13 generate ?
        0.80837448    0.42140969   -0.41102869             0.00000
        0.55605296   -0.31743889    0.76813910             0.00000
        0.19322476   -0.84949775   -0.49093559             0.00000
  14 generate ?
        0.78021643   -0.60767599    0.14829772             0.00000
       -0.39962287   -0.30185948    0.86555325             0.00000
       -0.48121086   -0.73458201   -0.47835695             0.00000
  15 generate ?
       -0.33717266   -0.85065257    0.40336683             0.00000
       -0.72581356    0.50775493    0.46409008             0.00000
       -0.59959092   -0.13629062   -0.78861626             0.00000
  16 generate ?
        0.97744899   -0.01552027   -0.21060057             0.00000
       -0.01552028   -0.99987819    0.00165293             0.00000
       -0.21060058    0.00165293   -0.97757080             0.00000
  17 generate ?
        0.37741426   -0.86987268    0.31761612             0.00000
       -0.86987268   -0.45065293   -0.20058279             0.00000
        0.31761611   -0.20058278   -0.92676132             0.00000
  18 generate ?
       -0.75718758   -0.58550568    0.28956875             0.00000
       -0.58550568    0.41185903   -0.69825156             0.00000
        0.28956875   -0.69825154   -0.65467145             0.00000
  19 generate ?
       -0.85837535    0.44459519   -0.25598217             0.00000
        0.44459519    0.39569549   -0.80359206             0.00000
       -0.25598217   -0.80359205   -0.53732014             0.00000
  20 generate ?
        0.21368900    0.79686554   -0.56510381             0.00000
        0.79686554   -0.47680609   -0.37102730             0.00000
       -0.56510381   -0.37102730   -0.73688291             0.00000
  21 generate ?
        0.12021207    0.04472000    0.99174049             0.00000
        0.99081257   -0.06775764   -0.11704424             0.00000
        0.06196378    0.99669906   -0.05245443             0.00000
  22 generate ?
       -0.31159479    0.29985565    0.90166251             0.00000
        0.29985566   -0.86938882    0.39274631             0.00000
        0.90166250    0.39274630    0.18098362             0.00000
  23 generate ?
       -0.19203005    0.72996708    0.65595161             0.00000
       -0.81064711   -0.49471599    0.31322094             0.00000
        0.55315072   -0.47159744    0.68674604             0.00000
  24 generate ?
        0.31367189    0.74065491    0.59417191             0.00000
       -0.80601865    0.53847574   -0.24571899             0.00000
       -0.50194013   -0.40183850    0.76588637             0.00000
  25 generate ?
        0.50664813    0.31714892    0.80170084             0.00000
        0.30734466    0.80235051   -0.51163749             0.00000
       -0.80551035    0.50561864    0.30903535             0.00000
  26 generate ?
        0.08907388   -0.16514225    0.98223922             0.00000
       -0.99245518    0.06870279    0.10155118             0.00000
       -0.08425297   -0.98387395   -0.15777666             0.00000
  27 generate ?
       -0.49911249    0.22387416    0.83711832             0.00000
       -0.29349271    0.86527826   -0.40639337             0.00000
       -0.81532125   -0.44852413   -0.36616576             0.00000
  28 generate ?
       -0.29161197    0.82050240    0.49166885             0.00000
        0.81444304    0.48254692   -0.32222820             0.00000
       -0.50164229    0.30647067   -0.80896894             0.00000
  29 generate ?
        0.42481677    0.80022252    0.42329025             0.00000
        0.80022252   -0.55056953    0.23773330             0.00000
        0.42329024    0.23773329   -0.87424725             0.00000
  30 generate ?
        0.66009357    0.19106062    0.72647941             0.00000
       -0.31650200   -0.80633926    0.49964336             0.00000
        0.68125103   -0.55974354   -0.47178829             0.00000
  31 generate ?
       -0.11723192    0.16536326   -0.97924036             0.00000
       -0.99252733   -0.05312339    0.10985172             0.00000
       -0.03385512    0.98480094    0.17035531             0.00000
  32 generate ?
        0.48924549   -0.20008136   -0.84888533             0.00000
       -0.40207512    0.81197911   -0.42311407             0.00000
        0.77393439    0.54832232    0.31680939             0.00000
  33 generate ?
        0.31367188   -0.80601865   -0.50194013             0.00000
        0.74065491    0.53847574   -0.40183850             0.00000
        0.59417190   -0.24571898    0.76588637             0.00000
  34 generate ?
       -0.40131600   -0.81506386   -0.41787123             0.00000
        0.85644870   -0.49566114    0.14427632             0.00000
       -0.32471694   -0.29998488    0.89697714             0.00000
  35 generate ?
       -0.66762919   -0.21471683   -0.71285900             0.00000
       -0.21471683   -0.86128951    0.46051827             0.00000
       -0.71285898    0.46051825    0.52891870             0.00000
  36 generate ?
       -0.09205402   -0.04494100   -0.99473935             0.00000
        0.99416994    0.05217824   -0.09435866             0.00000
        0.05614432   -0.99762604    0.03987579             0.00000
  37 generate ?
        0.32146180   -0.32364846   -0.88989550             0.00000
        0.39571217   -0.80786855    0.43676114             0.00000
       -0.86027564   -0.49254450   -0.13162724             0.00000
  38 generate ?
        0.16997015   -0.74445084   -0.64568033             0.00000
       -0.74445084   -0.52630667    0.41084576             0.00000
       -0.64568033    0.41084575   -0.64366348             0.00000
  39 generate ?
       -0.33717266   -0.72581356   -0.59959092             0.00000
       -0.85065257    0.50775493   -0.13629063             0.00000
        0.40336682    0.46409009   -0.78861625             0.00000
  40 generate ?
       -0.49911250   -0.29349271   -0.81532126             0.00000
        0.22387417    0.86527826   -0.44852413             0.00000
        0.83711831   -0.40639336   -0.36616575             0.00000
  41 generate ?
        0.12021207    0.99081257    0.06196377             0.00000
        0.04472001   -0.06775764    0.99669907             0.00000
        0.99174047   -0.11704424   -0.05245442             0.00000
  42 generate ?
        0.87016730    0.38666961    0.30544311             0.00000
       -0.43458395    0.31003979    0.84558389             0.00000
        0.23226207   -0.86854011    0.43782690             0.00000
  43 generate ?
        0.48924550   -0.40207512    0.77393440             0.00000
       -0.20008136    0.81197911    0.54832232             0.00000
       -0.84888532   -0.42311407    0.31680938             0.00000
  44 generate ?
       -0.49613235   -0.28540321    0.81999860             0.00000
        0.42415317    0.74439723    0.51571975             0.00000
       -0.75759275    0.60367025   -0.24826488             0.00000
  45 generate ?
       -0.72420755    0.57544872    0.37997655             0.00000
        0.57544873    0.20069002    0.79283182             0.00000
        0.37997656    0.79283180   -0.47648246             0.00000
  46 generate ?
       -0.11723192   -0.99252733   -0.03385513             0.00000
        0.16536326   -0.05312338    0.98480095             0.00000
       -0.97924035    0.10985172    0.17035531             0.00000
  47 generate ?
       -0.88171143   -0.37921191   -0.28068360             0.00000
       -0.37921191    0.21568529    0.89982120             0.00000
       -0.28068359    0.89982119   -0.33397386             0.00000
  48 generate ?
       -0.49613236    0.42415316   -0.75759276             0.00000
       -0.28540320    0.74439723    0.60367025             0.00000
        0.81999859    0.51571974   -0.24826487             0.00000
  49 generate ?
        0.50664812    0.30734467   -0.80551036             0.00000
        0.31714893    0.80235051    0.50561865             0.00000
        0.80170083   -0.51163748    0.30903536             0.00000
  50 generate ?
        0.74082147   -0.56821203   -0.35821591             0.00000
        0.59573793    0.30945566    0.74117038             0.00000
       -0.31028998   -0.76247772    0.56775686             0.00000
  51 generate ?
       -0.09205401    0.99416994    0.05614432             0.00000
       -0.04494101    0.05217823   -0.99762606             0.00000
       -0.99473934   -0.09435867    0.03987578             0.00000
  52 generate ?
        0.80837448    0.55605296    0.19322477             0.00000
        0.42140968   -0.31743888   -0.84949776             0.00000
       -0.41102868    0.76813908   -0.49093560             0.00000
  53 generate ?
        0.66009356   -0.31650199    0.68125104             0.00000
        0.19106061   -0.80633926   -0.55974355             0.00000
        0.72647940    0.49964335   -0.47178829             0.00000
  54 generate ?
       -0.33197757   -0.41765363    0.84578741             0.00000
       -0.41765363   -0.73887919   -0.52879390             0.00000
        0.84578740   -0.52879389    0.07085677             0.00000
  55 generate ?
       -0.79683034    0.39238618    0.45945021             0.00000
       -0.56351066   -0.20828620   -0.79942017             0.00000
       -0.21798428   -0.89590733    0.38708255             0.00000
  56 generate ?
        0.08907387   -0.99245518   -0.08425296             0.00000
       -0.16514226    0.06870279   -0.98387396             0.00000
        0.98223921    0.10155119   -0.15777666             0.00000
  57 generate ?
       -0.79683035   -0.56351065   -0.21798428             0.00000
        0.39238618   -0.20828620   -0.89590734             0.00000
        0.45945021   -0.79942016    0.38708256             0.00000
  58 generate ?
       -0.65320670    0.29442396   -0.69759268             0.00000
        0.29442395   -0.75003708   -0.59224903             0.00000
       -0.69759267   -0.59224903    0.40324379             0.00000
  59 generate ?
        0.32146180    0.39571218   -0.86027565             0.00000
       -0.32364847   -0.80786855   -0.49254450             0.00000
       -0.88989549    0.43676112   -0.13162724             0.00000
  60 generate ?
        0.78021642   -0.39962287   -0.48121086             0.00000
       -0.60767600   -0.30185948   -0.73458202             0.00000
        0.14829771    0.86555324   -0.47835695             0.00000
  61 generate ?
        0.97869200   -0.01316800   -0.20491200           142.20000
        0.01321500    0.99991200   -0.00113600           -30.04999
        0.20490800   -0.00159600    0.97878000          -214.74836
  62 generate ?
        0.37761325   -0.86762413    0.32347638           142.20000
        0.86897223    0.45271087    0.19985013           -30.04999
       -0.31983629    0.20562677    0.92489053          -214.74836
  63 generate ?
       -0.75747486   -0.58240397    0.29502173           142.20000
        0.58728730   -0.41046069    0.69757838           -30.04999
       -0.28517679    0.70166103    0.65295185          -214.74836
  64 generate ?
       -0.85791913    0.44832791   -0.25095259           142.20000
       -0.44256080   -0.39672891    0.80420523           -30.04999
        0.26098824    0.80100429    0.53877396          -214.74836
  65 generate ?
        0.21509100    0.80013509   -0.55992862           142.20000
       -0.79735699    0.47492934    0.37237599           -30.04999
        0.56387730    0.36636755    0.74014683          -214.74836
  66 generate ?
       -0.99965605    0.02523063    0.00717958           142.20000
       -0.02590355   -0.99261106   -0.11854205           -30.04999
        0.00413658   -0.11868737    0.99292312          -214.74836
  67 generate ?
       -0.29640516    0.81516241   -0.49764906           142.20000
       -0.81982083   -0.48446345   -0.30526858           -30.04999
       -0.48993601    0.31749903    0.81188495          -214.74836
  68 generate ?
        0.80592100    0.42709433   -0.40997821           142.20000
       -0.55796515    0.31645914   -0.76715608           -30.04999
       -0.19790745    0.84702030    0.49334507          -214.74836
  69 generate ?
        0.78394514   -0.60267672    0.14903399           142.20000
        0.39778785    0.30330891   -0.86589172           -30.04999
        0.47664872    0.73809604    0.47751475          -214.74836
  70 generate ?
       -0.33196284   -0.85104215    0.40685168           142.20000
        0.72662001   -0.50574097   -0.46502620           -30.04999
        0.60151879    0.14125588    0.78627097          -214.74836
  71 generate ?
       -0.97901641   -0.00970075    0.20355129           142.20000
        0.01505123    0.99269624    0.11969783           -30.04999
       -0.20322483    0.12024994   -0.97171999          -214.74836
  72 generate ?
       -0.39695153    0.85676313   -0.32922147           142.20000
        0.81601802    0.49363337    0.30073349           -30.04999
        0.42017248   -0.14927476   -0.89508226          -214.74836
  73 generate ?
        0.74423346    0.59068261   -0.31178675           142.20000
        0.56646719   -0.31087699    0.76319746           -30.04999
        0.35387947   -0.74461456   -0.56596695          -214.74836
  74 generate ?
        0.86745969   -0.44022808    0.23176126           142.20000
       -0.38873049   -0.30902887    0.86798025           -30.04999
       -0.31048918   -0.84303008   -0.43920025          -214.74836
  75 generate ?
       -0.19756730   -0.81128540    0.55025769           142.20000
       -0.72952429    0.49662370    0.47027560           -30.04999
       -0.65479857   -0.30851443   -0.68996942          -214.74836
  76 generate ?
        0.99998046   -0.00236188   -0.00581887           142.20000
       -0.00236269   -0.99999718   -0.00001978           -30.04999
       -0.00581975    0.00003343   -0.99998313          -214.74836
  77 generate ?
        0.31574345   -0.80430141    0.50339415           142.20000
       -0.86516942   -0.46188078   -0.19531504           -30.04999
        0.38959981   -0.37385104   -0.84169323          -214.74836
  78 generate ?
       -0.79267960   -0.43537297    0.42674323           142.20000
       -0.59578934    0.40487854   -0.69361976           -30.04999
        0.12920477   -0.80406677   -0.58032996          -214.74836
  79 generate ?
       -0.79348570    0.59457689   -0.12984266           142.20000
        0.43350343    0.40244888   -0.80629376           -30.04999
       -0.42714778   -0.69607025   -0.57708847          -214.74836
  80 generate ?
        0.31443914    0.86219246   -0.39718074           142.20000
        0.80026127   -0.46581207   -0.37762540           -30.04999
       -0.51059752   -0.19910900   -0.83644839          -214.74836
  81 generate ?
        0.09190645   -0.15957626    0.98289826           142.20000
        0.99224359   -0.06829295   -0.10386850           -30.04999
        0.08369999    0.98482073    0.15206101          -214.74836
  82 generate ?
       -0.49366530    0.22443601    0.84019248           142.20000
        0.29468726   -0.86579588    0.40442162           -30.04999
        0.81820239    0.44724259    0.36127418          -214.74836
  83 generate ?
       -0.29061089    0.81756334    0.49712760           142.20000
       -0.81374183   -0.48449021    0.32108163           -30.04999
        0.50335816   -0.31122448    0.80608313          -214.74836
  84 generate ?
        0.42045537    0.80012392    0.42780761           142.20000
       -0.80123234    0.54867259   -0.23871543           -30.04999
       -0.42572867   -0.24240478    0.87177700          -214.74836
  85 generate ?
        0.65686409    0.19621844    0.72803039           142.20000
        0.31492803    0.80589664   -0.50134905           -30.04999
       -0.68509169    0.55859522    0.46756911          -214.74836
  86 generate ?
        0.11750898    0.03907950    0.99230278           142.20000
       -0.99109502    0.06763207    0.11470177           -30.04999
       -0.06262922   -0.99694476    0.04667796          -214.74836
  87 generate ?
       -0.31754359    0.29961784    0.89966415           142.20000
       -0.29913645    0.86867013   -0.39487912           -30.04999
       -0.89982386   -0.39451382   -0.18621488          -214.74836
  88 generate ?
       -0.19333036    0.73386544    0.65120292           142.20000
        0.81108758    0.49299924   -0.31478345           -30.04999
       -0.55205092    0.46732472   -0.69054146          -214.74836
  89 generate ?
        0.31849020    0.74170687    0.59028406           142.20000
        0.80528519   -0.54021620    0.24429930           -30.04999
        0.50007922    0.39753930   -0.76933959          -214.74836
  90 generate ?
        0.51059948    0.31230554    0.80109537           142.20000
       -0.30852491   -0.80310757    0.50973576           -30.04999
        0.80255847   -0.50742902   -0.31371293          -214.74836
  91 generate ?
       -0.09472703   -0.03925830   -0.99472908           142.20000
       -0.99395075   -0.05205217    0.09670786           -30.04999
       -0.05557440    0.99787250   -0.03408914          -214.74836
  92 generate ?
        0.32552673   -0.31886799   -0.89014376           142.20000
       -0.39645355    0.80864069   -0.43465476           -30.04999
        0.85840353    0.49439273    0.13681859          -214.74836
  93 generate ?
        0.17548226   -0.74558388   -0.64289269           142.20000
        0.74405993    0.52805596   -0.40930632           -30.04999
        0.64465537   -0.40652390    0.64742405          -214.74836
  94 generate ?
       -0.33750408   -0.72969912   -0.59466844           142.20000
        0.85143882   -0.50604780    0.13772249           -30.04999
       -0.40142619   -0.45984123    0.79208786          -214.74836
  95 generate ?
       -0.50450260   -0.29316590   -0.81211529           142.20000
       -0.22271085   -0.86457434    0.45045646           -30.04999
       -0.83419199    0.40812348    0.37088955          -214.74836
  96 generate ?
       -0.11468841    0.15975507   -0.98047196           142.20000
        0.99280218    0.05271305   -0.10754114           -30.04999
        0.03450363   -0.98574847   -0.16464983          -214.74836
  97 generate ?
        0.48568216   -0.20518586   -0.84971287           142.20000
        0.40090274   -0.81151494    0.42511226           -30.04999
       -0.77678205   -0.54712150   -0.31187789          -214.74836
  98 generate ?
        0.30845900   -0.80584490   -0.50543782           142.20000
       -0.74140568   -0.53656499    0.40300814           -30.04999
       -0.59596261    0.25042366   -0.76296572          -214.74836
  99 generate ?
       -0.40144150   -0.81213167   -0.42342323           142.20000
       -0.85549168    0.49759141   -0.14330636           -30.04999
        0.32707564    0.30470671   -0.89452527          -214.74836
 100 generate ?
       -0.66296098   -0.21535808   -0.71701047           142.20000
        0.21630773    0.86178527   -0.45884317           -30.04999
        0.71672521   -0.45928968   -0.52474572          -214.74836
 101 generate ?
       -0.08615781    0.99457634    0.05826746           142.20000
        0.04517806   -0.05452513    0.99748980           -30.04999
        0.99525678    0.08857301   -0.04023520          -214.74836
 102 generate ?
        0.80975509    0.55232214    0.19808410           142.20000
       -0.42331029    0.31610901    0.84904854           -30.04999
        0.40633130   -0.77137282    0.48977440          -214.74836
 103 generate ?
        0.65540211   -0.31749870    0.68530505           142.20000
       -0.19263404    0.80707489    0.55814172           -30.04999
       -0.73030233   -0.49781992    0.46779691          -214.74836
 104 generate ?
       -0.33590617   -0.41282334    0.84660752           142.20000
        0.41842008    0.73987435    0.52679267           -30.04999
       -0.84385507    0.53119090   -0.07579552          -214.74836
 105 generate ?
       -0.79421540    0.39808362    0.45907698           142.20000
        0.56539604    0.20737625    0.79832472           -30.04999
        0.22259912    0.89360166   -0.38977663          -214.74836
 106 generate ?
        0.08374665   -0.99318897   -0.08100945           142.20000
        0.16491190   -0.06635975    0.98407337           -30.04999
       -0.98274654   -0.09577134    0.15823144          -214.74836
 107 generate ?
       -0.80041503   -0.55835597   -0.21811639           142.20000
       -0.39051150    0.20963282    0.89641218           -30.04999
       -0.45479199    0.80267920   -0.38583736          -214.74836
 108 generate ?
       -0.64983013    0.29963592   -0.69852665           142.20000
       -0.29286600    0.74935105    0.59388757           -30.04999
        0.70139224    0.59050049   -0.39919697          -214.74836
 109 generate ?
        0.32739813    0.39507107   -0.85832959           142.20000
        0.32290564    0.80692268    0.49457828           -30.04999
        0.88799882   -0.43908370    0.13661514          -214.74836
 110 generate ?
        0.78077351   -0.40393865   -0.47668297           142.20000
        0.60582795    0.30278568    0.73572636           -30.04999
       -0.15285618   -0.86322302    0.48112485          -214.74836
 111 generate ?
        0.11433329    0.99163431    0.05991371           142.20000
       -0.04502352    0.06541879   -0.99684162           -30.04999
       -0.99242185    0.11127372    0.05212624          -214.74836
 112 generate ?
        0.86982522    0.39098370    0.30089232           142.20000
        0.43252219   -0.31093531   -0.84631183           -30.04999
       -0.23733683    0.86628550   -0.43956884          -214.74836
 113 generate ?
        0.49464806   -0.40152301    0.77078073           142.20000
        0.19894166   -0.81101847   -0.55015561           -30.04999
        0.84601702    0.42547405   -0.32128981          -214.74836
 114 generate ?
       -0.49271612   -0.29066849    0.82020913           142.20000
       -0.42296478   -0.74373276   -0.51765078           -30.04999
        0.76048151   -0.60197420    0.24350575          -214.74836
 115 generate ?
       -0.72776358    0.57035009    0.38086915           142.20000
       -0.57374355   -0.20206474   -0.79371792           -30.04999
       -0.37573620   -0.79616068    0.47428956          -214.74836
 116 generate ?
       -0.11192213   -0.99302168   -0.03717172           142.20000
       -0.16506644    0.05546609   -0.98472155           -30.04999
        0.97991161   -0.10407538   -0.17012248          -214.74836
 117 generate ?
       -0.87916529   -0.38494987   -0.28086003           142.20000
        0.38129960   -0.21480652   -0.89914888           -30.04999
        0.28579751   -0.89759188    0.33563181          -214.74836
 118 generate ?
       -0.50022004    0.41938579   -0.75755913           142.20000
        0.28655838   -0.74540747   -0.60187368           -30.04999
       -0.81710693   -0.51815462    0.25268986          -214.74836
 119 generate ?
        0.50122416    0.30842076   -0.80848707           142.20000
       -0.31836095   -0.80306428   -0.50372017           -30.04999
       -0.80462527    0.50986700   -0.30432537          -214.74836
 120 generate ?
        0.74120547   -0.56449506   -0.36326316           142.20000
       -0.59748043   -0.30809720   -0.74033317           -30.04999
        0.30599327    0.76578205   -0.56563778          -214.74836
