REMARK 350   BIOMT1   1  1.000000  0.000000  0.000000        0.00000
REMARK 350   BIOMT2   1  0.000000  1.000000  0.000000        0.00000
REMARK 350   BIOMT3   1  0.000000  0.000000  1.000000        0.00000
REMARK 350   BIOMT1   2  0.315514 -0.801019  0.508743        0.00000
REMARK 350   BIOMT2   2  0.864434  0.463767  0.194097        0.00000
REMARK 350   BIOMT3   2 -0.391414  0.378535  0.838753        0.00000
REMARK 350   BIOMT1   3 -0.792008 -0.431642  0.431750        0.00000
REMARK 350   BIOMT2   3  0.597665 -0.403876  0.692590        0.00000
REMARK 350   BIOMT3   3 -0.124578  0.806579  0.577850        0.00000
REMARK 350   BIOMT1   4 -0.792008  0.597665 -0.124578        0.00000
REMARK 350   BIOMT2   4 -0.431642 -0.403876  0.806579        0.00000
REMARK 350   BIOMT3   4  0.431750  0.692590  0.577850        0.00000
REMARK 350   BIOMT1   5  0.315514  0.864434 -0.391414        0.00000
REMARK 350   BIOMT2   5 -0.801019  0.463767  0.378535        0.00000
REMARK 350   BIOMT3   5  0.508743  0.194097  0.838753        0.00000
REMARK 350   BIOMT1   6 -0.977850 -0.012745  0.208919        0.00000
REMARK 350   BIOMT2   6 -0.012745 -0.992667 -0.120211        0.00000
REMARK 350   BIOMT3   6  0.208919 -0.120211  0.970516        0.00000
REMARK 350   BIOMT1   7 -0.401316  0.856449 -0.324717        0.00000
REMARK 350   BIOMT2   7 -0.815064 -0.495661 -0.299985        0.00000
REMARK 350   BIOMT3   7 -0.417871  0.144276  0.896977        0.00000
REMARK 350   BIOMT1   8  0.740821  0.595738 -0.310290        0.00000
REMARK 350   BIOMT2   8 -0.568212  0.309456 -0.762478        0.00000
REMARK 350   BIOMT3   8 -0.358216  0.741170  0.567757        0.00000
REMARK 350   BIOMT1   9  0.870167 -0.434584  0.232262        0.00000
REMARK 350   BIOMT2   9  0.386670  0.310040 -0.868540        0.00000
REMARK 350   BIOMT3   9  0.305443  0.845584  0.437827        0.00000
REMARK 350   BIOMT1  10 -0.192030 -0.810647  0.553151        0.00000
REMARK 350   BIOMT2  10  0.729967 -0.494716 -0.471597        0.00000
REMARK 350   BIOMT3  10  0.655952  0.313221  0.686746        0.00000
REMARK 350   BIOMT1  11 -0.999599  0.028265  0.001682        0.00000
REMARK 350   BIOMT2  11  0.028265  0.992545  0.118558        0.00000
REMARK 350   BIOMT3  11  0.001682  0.118558 -0.992946        0.00000
REMARK 350   BIOMT1  12 -0.291612  0.814443 -0.501642        0.00000
REMARK 350   BIOMT2  12  0.820502  0.482547  0.306471        0.00000
REMARK 350   BIOMT3  12  0.491669 -0.322228 -0.808969        0.00000
REMARK 350   BIOMT1  13  0.808374  0.421410 -0.411029        0.00000
REMARK 350   BIOMT2  13  0.556053 -0.317439  0.768139        0.00000
REMARK 350   BIOMT3  13  0.193225 -0.849498 -0.490936        0.00000
REMARK 350   BIOMT1  14  0.780216 -0.607676  0.148298        0.00000
REMARK 350   BIOMT2  14 -0.399623 -0.301859  0.865553        0.00000
REMARK 350   BIOMT3  14 -0.481211 -0.734582 -0.478357        0.00000
REMARK 350   BIOMT1  15 -0.337173 -0.850653  0.403367        0.00000
REMARK 350   BIOMT2  15 -0.725814  0.507755  0.464090        0.00000
REMARK 350   BIOMT3  15 -0.599591 -0.136291 -0.788616        0.00000
REMARK 350   BIOMT1  16  0.977449 -0.015520 -0.210601        0.00000
REMARK 350   BIOMT2  16 -0.015520 -0.999878  0.001653        0.00000
REMARK 350   BIOMT3  16 -0.210601  0.001653 -0.977571        0.00000
REMARK 350   BIOMT1  17  0.377414 -0.869873  0.317616        0.00000
REMARK 350   BIOMT2  17 -0.869873 -0.450653 -0.200583        0.00000
REMARK 350   BIOMT3  17  0.317616 -0.200583 -0.926761        0.00000
REMARK 350   BIOMT1  18 -0.757188 -0.585506  0.289569        0.00000
REMARK 350   BIOMT2  18 -0.585506  0.411859 -0.698252        0.00000
REMARK 350   BIOMT3  18  0.289569 -0.698252 -0.654671        0.00000
REMARK 350   BIOMT1  19 -0.858375  0.444595 -0.255982        0.00000
REMARK 350   BIOMT2  19  0.444595  0.395695 -0.803592        0.00000
REMARK 350   BIOMT3  19 -0.255982 -0.803592 -0.537320        0.00000
REMARK 350   BIOMT1  20  0.213689  0.796866 -0.565104        0.00000
REMARK 350   BIOMT2  20  0.796866 -0.476806 -0.371027        0.00000
REMARK 350   BIOMT3  20 -0.565104 -0.371027 -0.736883        0.00000
REMARK 350   BIOMT1  21  0.120212  0.044720  0.991740        0.00000
REMARK 350   BIOMT2  21  0.990813 -0.067758 -0.117044        0.00000
REMARK 350   BIOMT3  21  0.061964  0.996699 -0.052454        0.00000
REMARK 350   BIOMT1  22 -0.311595  0.299856  0.901663        0.00000
REMARK 350   BIOMT2  22  0.299856 -0.869389  0.392746        0.00000
REMARK 350   BIOMT3  22  0.901663  0.392746  0.180984        0.00000
REMARK 350   BIOMT1  23 -0.192030  0.729967  0.655952        0.00000
REMARK 350   BIOMT2  23 -0.810647 -0.494716  0.313221        0.00000
REMARK 350   BIOMT3  23  0.553151 -0.471597  0.686746        0.00000
REMARK 350   BIOMT1  24  0.313672  0.740655  0.594172        0.00000
REMARK 350   BIOMT2  24 -0.806019  0.538476 -0.245719        0.00000
REMARK 350   BIOMT3  24 -0.501940 -0.401838  0.765886        0.00000
REMARK 350   BIOMT1  25  0.506648  0.317149  0.801701        0.00000
REMARK 350   BIOMT2  25  0.307345  0.802351 -0.511637        0.00000
REMARK 350   BIOMT3  25 -0.805510  0.505619  0.309035        0.00000
REMARK 350   BIOMT1  26  0.089074 -0.165142  0.982239        0.00000
REMARK 350   BIOMT2  26 -0.992455  0.068703  0.101551        0.00000
REMARK 350   BIOMT3  26 -0.084253 -0.983874 -0.157777        0.00000
REMARK 350   BIOMT1  27 -0.499112  0.223874  0.837118        0.00000
REMARK 350   BIOMT2  27 -0.293493  0.865278 -0.406393        0.00000
REMARK 350   BIOMT3  27 -0.815321 -0.448524 -0.366166        0.00000
REMARK 350   BIOMT1  28 -0.291612  0.820502  0.491669        0.00000
REMARK 350   BIOMT2  28  0.814443  0.482547 -0.322228        0.00000
REMARK 350   BIOMT3  28 -0.501642  0.306471 -0.808969        0.00000
REMARK 350   BIOMT1  29  0.424817  0.800223  0.423290        0.00000
REMARK 350   BIOMT2  29  0.800223 -0.550570  0.237733        0.00000
REMARK 350   BIOMT3  29  0.423290  0.237733 -0.874247        0.00000
REMARK 350   BIOMT1  30  0.660094  0.191061  0.726479        0.00000
REMARK 350   BIOMT2  30 -0.316502 -0.806339  0.499643        0.00000
REMARK 350   BIOMT3  30  0.681251 -0.559744 -0.471788        0.00000
REMARK 350   BIOMT1  31 -0.117232  0.165363 -0.979240        0.00000
REMARK 350   BIOMT2  31 -0.992527 -0.053123  0.109852        0.00000
REMARK 350   BIOMT3  31 -0.033855  0.984801  0.170355        0.00000
REMARK 350   BIOMT1  32  0.489245 -0.200081 -0.848885        0.00000
REMARK 350   BIOMT2  32 -0.402075  0.811979 -0.423114        0.00000
REMARK 350   BIOMT3  32  0.773934  0.548322  0.316809        0.00000
REMARK 350   BIOMT1  33  0.313672 -0.806019 -0.501940        0.00000
REMARK 350   BIOMT2  33  0.740655  0.538476 -0.401838        0.00000
REMARK 350   BIOMT3  33  0.594172 -0.245719  0.765886        0.00000
REMARK 350   BIOMT1  34 -0.401316 -0.815064 -0.417871        0.00000
REMARK 350   BIOMT2  34  0.856449 -0.495661  0.144276        0.00000
REMARK 350   BIOMT3  34 -0.324717 -0.299985  0.896977        0.00000
REMARK 350   BIOMT1  35 -0.667629 -0.214717 -0.712859        0.00000
REMARK 350   BIOMT2  35 -0.214717 -0.861290  0.460518        0.00000
REMARK 350   BIOMT3  35 -0.712859  0.460518  0.528919        0.00000
REMARK 350   BIOMT1  36 -0.092054 -0.044941 -0.994739        0.00000
REMARK 350   BIOMT2  36  0.994170  0.052178 -0.094359        0.00000
REMARK 350   BIOMT3  36  0.056144 -0.997626  0.039876        0.00000
REMARK 350   BIOMT1  37  0.321462 -0.323648 -0.889895        0.00000
REMARK 350   BIOMT2  37  0.395712 -0.807869  0.436761        0.00000
REMARK 350   BIOMT3  37 -0.860276 -0.492544 -0.131627        0.00000
REMARK 350   BIOMT1  38  0.169970 -0.744451 -0.645680        0.00000
REMARK 350   BIOMT2  38 -0.744451 -0.526307  0.410846        0.00000
REMARK 350   BIOMT3  38 -0.645680  0.410846 -0.643663        0.00000
REMARK 350   BIOMT1  39 -0.337173 -0.725814 -0.599591        0.00000
REMARK 350   BIOMT2  39 -0.850653  0.507755 -0.136291        0.00000
REMARK 350   BIOMT3  39  0.403367  0.464090 -0.788616        0.00000
REMARK 350   BIOMT1  40 -0.499113 -0.293493 -0.815321        0.00000
REMARK 350   BIOMT2  40  0.223874  0.865278 -0.448524        0.00000
REMARK 350   BIOMT3  40  0.837118 -0.406393 -0.366166        0.00000
REMARK 350   BIOMT1  41  0.120212  0.990813  0.061964        0.00000
REMARK 350   BIOMT2  41  0.044720 -0.067758  0.996699        0.00000
REMARK 350   BIOMT3  41  0.991740 -0.117044 -0.052454        0.00000
REMARK 350   BIOMT1  42  0.870167  0.386670  0.305443        0.00000
REMARK 350   BIOMT2  42 -0.434584  0.310040  0.845584        0.00000
REMARK 350   BIOMT3  42  0.232262 -0.868540  0.437827        0.00000
REMARK 350   BIOMT1  43  0.489245 -0.402075  0.773934        0.00000
REMARK 350   BIOMT2  43 -0.200081  0.811979  0.548322        0.00000
REMARK 350   BIOMT3  43 -0.848885 -0.423114  0.316809        0.00000
REMARK 350   BIOMT1  44 -0.496132 -0.285403  0.819999        0.00000
REMARK 350   BIOMT2  44  0.424153  0.744397  0.515720        0.00000
REMARK 350   BIOMT3  44 -0.757593  0.603670 -0.248265        0.00000
REMARK 350   BIOMT1  45 -0.724208  0.575449  0.379977        0.00000
REMARK 350   BIOMT2  45  0.575449  0.200690  0.792832        0.00000
REMARK 350   BIOMT3  45  0.379977  0.792832 -0.476482        0.00000
REMARK 350   BIOMT1  46 -0.117232 -0.992527 -0.033855        0.00000
REMARK 350   BIOMT2  46  0.165363 -0.053123  0.984801        0.00000
REMARK 350   BIOMT3  46 -0.979240  0.109852  0.170355        0.00000
REMARK 350   BIOMT1  47 -0.881711 -0.379212 -0.280684        0.00000
REMARK 350   BIOMT2  47 -0.379212  0.215685  0.899821        0.00000
REMARK 350   BIOMT3  47 -0.280684  0.899821 -0.333974        0.00000
REMARK 350   BIOMT1  48 -0.496132  0.424153 -0.757593        0.00000
REMARK 350   BIOMT2  48 -0.285403  0.744397  0.603670        0.00000
REMARK 350   BIOMT3  48  0.819999  0.515720 -0.248265        0.00000
REMARK 350   BIOMT1  49  0.506648  0.307345 -0.805510        0.00000
REMARK 350   BIOMT2  49  0.317149  0.802351  0.505619        0.00000
REMARK 350   BIOMT3  49  0.801701 -0.511637  0.309035        0.00000
REMARK 350   BIOMT1  50  0.740821 -0.568212 -0.358216        0.00000
REMARK 350   BIOMT2  50  0.595738  0.309456  0.741170        0.00000
REMARK 350   BIOMT3  50 -0.310290 -0.762478  0.567757        0.00000
REMARK 350   BIOMT1  51 -0.092054  0.994170  0.056144        0.00000
REMARK 350   BIOMT2  51 -0.044941  0.052178 -0.997626        0.00000
REMARK 350   BIOMT3  51 -0.994739 -0.094359  0.039876        0.00000
REMARK 350   BIOMT1  52  0.808374  0.556053  0.193225        0.00000
REMARK 350   BIOMT2  52  0.421410 -0.317439 -0.849498        0.00000
REMARK 350   BIOMT3  52 -0.411029  0.768139 -0.490936        0.00000
REMARK 350   BIOMT1  53  0.660094 -0.316502  0.681251        0.00000
REMARK 350   BIOMT2  53  0.191061 -0.806339 -0.559744        0.00000
REMARK 350   BIOMT3  53  0.726479  0.499643 -0.471788        0.00000
REMARK 350   BIOMT1  54 -0.331978 -0.417654  0.845787        0.00000
REMARK 350   BIOMT2  54 -0.417654 -0.738879 -0.528794        0.00000
REMARK 350   BIOMT3  54  0.845787 -0.528794  0.070857        0.00000
REMARK 350   BIOMT1  55 -0.796830  0.392386  0.459450        0.00000
REMARK 350   BIOMT2  55 -0.563511 -0.208286 -0.799420        0.00000
REMARK 350   BIOMT3  55 -0.217984 -0.895907  0.387083        0.00000
REMARK 350   BIOMT1  56  0.089074 -0.992455 -0.084253        0.00000
REMARK 350   BIOMT2  56 -0.165142  0.068703 -0.983874        0.00000
REMARK 350   BIOMT3  56  0.982239  0.101551 -0.157777        0.00000
REMARK 350   BIOMT1  57 -0.796830 -0.563511 -0.217984        0.00000
REMARK 350   BIOMT2  57  0.392386 -0.208286 -0.895907        0.00000
REMARK 350   BIOMT3  57  0.459450 -0.799420  0.387083        0.00000
REMARK 350   BIOMT1  58 -0.653207  0.294424 -0.697593        0.00000
REMARK 350   BIOMT2  58  0.294424 -0.750037 -0.592249        0.00000
REMARK 350   BIOMT3  58 -0.697593 -0.592249  0.403244        0.00000
REMARK 350   BIOMT1  59  0.321462  0.395712 -0.860276        0.00000
REMARK 350   BIOMT2  59 -0.323648 -0.807869 -0.492545        0.00000
REMARK 350   BIOMT3  59 -0.889895  0.436761 -0.131627        0.00000
REMARK 350   BIOMT1  60  0.780216 -0.399623 -0.481211        0.00000
REMARK 350   BIOMT2  60 -0.607676 -0.301859 -0.734582        0.00000
REMARK 350   BIOMT3  60  0.148298  0.865553 -0.478357        0.00000
