loop_
_pdbx_struct_oper_list.id
_pdbx_struct_oper_list.type
_pdbx_struct_oper_list.name
_pdbx_struct_oper_list.matrix[1][1]
_pdbx_struct_oper_list.matrix[1][2]
_pdbx_struct_oper_list.matrix[1][3]
_pdbx_struct_oper_list.vector[1]
_pdbx_struct_oper_list.matrix[2][1]
_pdbx_struct_oper_list.matrix[2][2]
_pdbx_struct_oper_list.matrix[2][3]
_pdbx_struct_oper_list.vector[2]
_pdbx_struct_oper_list.matrix[3][1]
_pdbx_struct_oper_list.matrix[3][2]
_pdbx_struct_oper_list.matrix[3][3]
_pdbx_struct_oper_list.vector[3]
1 "general operation" . 
    1.00000000    0.00000000    0.00000000       0.00000
    0.00000000    1.00000000    0.00000000       0.00000
    0.00000000    0.00000000    1.00000000       0.00000
2 "general operation" . 
    0.31551400    0.86443400   -0.39141400       0.00000
   -0.80101900    0.46376700    0.37853500       0.00000
    0.50874300    0.19409700    0.83875300       0.00000
3 "general operation" . 
    0.31551400   -0.80101900    0.50874300       0.00000
    0.86443400    0.46376700    0.19409700       0.00000
   -0.39141400    0.37853500    0.83875300       0.00000
4 "general operation" . 
   -0.40131600    0.85644900   -0.32471700       0.00000
   -0.81506400   -0.49566100   -0.29998500       0.00000
   -0.41787100    0.14427600    0.89697700       0.00000
5 "general operation" . 
   -0.19203000   -0.81064700    0.55315100       0.00000
    0.72996700   -0.49471600   -0.47159700       0.00000
    0.65595200    0.31322100    0.68674600       0.00000
6 "general operation" . 
   -0.79200800    0.59766500   -0.12457800       0.00000
   -0.43164200   -0.40387600    0.80657900       0.00000
    0.43175000    0.69259000    0.57785000       0.00000
7 "general operation" . 
   -0.66762900   -0.21471700   -0.71285900       0.00000
   -0.21471700   -0.86129000    0.46051800       0.00000
   -0.71285900    0.46051800    0.52891900       0.00000
8 "general operation" . 
   -0.79200800   -0.43164200    0.43175000       0.00000
    0.59766500   -0.40387600    0.69259000       0.00000
   -0.12457800    0.80657900    0.57785000       0.00000
9 "general operation" . 
   -0.31159500    0.29985600    0.90166300       0.00000
    0.29985600   -0.86938900    0.39274600       0.00000
    0.90166300    0.39274600    0.18098400       0.00000
10 "general operation" . 
    0.74082100    0.59573800   -0.31029000       0.00000
   -0.56821200    0.30945600   -0.76247800       0.00000
   -0.35821600    0.74117000    0.56775700       0.00000
11 "general operation" . 
    0.48924600   -0.20008100   -0.84888500       0.00000
   -0.40207500    0.81197900   -0.42311400       0.00000
    0.77393400    0.54832200    0.31680900       0.00000
12 "general operation" . 
    0.87016700   -0.43458400    0.23226200       0.00000
    0.38667000    0.31004000   -0.86854000       0.00000
    0.30544300    0.84558400    0.43782700       0.00000
13 "general operation" . 
    0.50664800    0.31714900    0.80170100       0.00000
    0.30734500    0.80235100   -0.51163700       0.00000
   -0.80551000    0.50561900    0.30903500       0.00000
14 "general operation" . 
    0.12021200    0.99081300    0.06196400       0.00000
    0.04472000   -0.06775800    0.99669900       0.00000
    0.99174000   -0.11704400   -0.05245400       0.00000
15 "general operation" . 
   -0.11723200    0.16536300   -0.97924000       0.00000
   -0.99252700   -0.05312300    0.10985200       0.00000
   -0.03385500    0.98480100    0.17035500       0.00000
16 "general operation" . 
    0.32146200   -0.32364800   -0.88989600       0.00000
    0.39571200   -0.80786900    0.43676100       0.00000
   -0.86027600   -0.49254500   -0.13162700       0.00000
17 "general operation" . 
    0.12021200    0.04472000    0.99174000       0.00000
    0.99081300   -0.06775800   -0.11704400       0.00000
    0.06196400    0.99669900   -0.05245400       0.00000
18 "general operation" . 
    0.66009400    0.19106100    0.72647900       0.00000
   -0.31650200   -0.80633900    0.49964300       0.00000
    0.68125100   -0.55974400   -0.47178800       0.00000
19 "general operation" . 
   -0.09205400    0.99417000    0.05614400       0.00000
   -0.04494100    0.05217800   -0.99762600       0.00000
   -0.99473900   -0.09435900    0.03987600       0.00000
20 "general operation" . 
   -0.49911200   -0.29349300   -0.81532100       0.00000
    0.22387400    0.86527800   -0.44852400       0.00000
    0.83711800   -0.40639300   -0.36616600       0.00000
21 "general operation" . 
   -0.49911300    0.22387400    0.83711800       0.00000
   -0.29349300    0.86527800   -0.40639300       0.00000
   -0.81532100   -0.44852400   -0.36616600       0.00000
22 "general operation" . 
    0.78021600   -0.60767600    0.14829800       0.00000
   -0.39962300   -0.30186000    0.86555300       0.00000
   -0.48121100   -0.73458200   -0.47835700       0.00000
23 "general operation" . 
    0.80837400    0.42141000   -0.41102900       0.00000
    0.55605300   -0.31743900    0.76813900       0.00000
    0.19322500   -0.84949800   -0.49093600       0.00000
24 "general operation" . 
   -0.29161200    0.81444300   -0.50164200       0.00000
    0.82050200    0.48254700    0.30647100       0.00000
    0.49166900   -0.32222800   -0.80896900       0.00000
25 "general operation" . 
   -0.33717300   -0.85065300    0.40336700       0.00000
   -0.72581400    0.50775500    0.46409000       0.00000
   -0.59959100   -0.13629100   -0.78861600       0.00000
26 "general operation" . 
   -0.75718800   -0.58550600    0.28956900       0.00000
   -0.58550600    0.41185900   -0.69825200       0.00000
    0.28956900   -0.69825200   -0.65467200       0.00000
27 "general operation" . 
   -0.85837500    0.44459500   -0.25598200       0.00000
    0.44459500    0.39569600   -0.80359200       0.00000
   -0.25598200   -0.80359200   -0.53732000       0.00000
28 "general operation" . 
    0.21368900    0.79686600   -0.56510400       0.00000
    0.79686600   -0.47680600   -0.37102700       0.00000
   -0.56510400   -0.37102700   -0.73688300       0.00000
29 "general operation" . 
    0.37741400   -0.86987300    0.31761600       0.00000
   -0.86987300   -0.45065300   -0.20058300       0.00000
    0.31761600   -0.20058300   -0.92676100       0.00000
30 "general operation" . 
   -0.99959900    0.02826500    0.00168200       0.00000
    0.02826500    0.99254500    0.11855800       0.00000
    0.00168200    0.11855800   -0.99294600       0.00000
31 "general operation" . 
   -0.97785000   -0.01274500    0.20891900       0.00000
   -0.01274500   -0.99266700   -0.12021100       0.00000
    0.20891900   -0.12021100    0.97051600       0.00000
32 "general operation" . 
   -0.40131600   -0.81506400   -0.41787100       0.00000
    0.85644900   -0.49566100    0.14427600       0.00000
   -0.32471700   -0.29998500    0.89697700       0.00000
33 "general operation" . 
   -0.19203000    0.72996700    0.65595200       0.00000
   -0.81064700   -0.49471600    0.31322100       0.00000
    0.55315100   -0.47159700    0.68674600       0.00000
34 "general operation" . 
    0.31367200   -0.80601900   -0.50194000       0.00000
    0.74065500    0.53847600   -0.40183900       0.00000
    0.59417200   -0.24571900    0.76588600       0.00000
35 "general operation" . 
    0.31367200    0.74065500    0.59417200       0.00000
   -0.80601900    0.53847600   -0.24571900       0.00000
   -0.50194000   -0.40183900    0.76588600       0.00000
36 "general operation" . 
    0.74082100   -0.56821200   -0.35821600       0.00000
    0.59573800    0.30945600    0.74117000       0.00000
   -0.31029000   -0.76247800    0.56775700       0.00000
37 "general operation" . 
    0.50664800    0.30734500   -0.80551000       0.00000
    0.31714900    0.80235100    0.50561900       0.00000
    0.80170100   -0.51163700    0.30903500       0.00000
38 "general operation" . 
    0.87016700    0.38667000    0.30544300       0.00000
   -0.43458400    0.31004000    0.84558400       0.00000
    0.23226200   -0.86854000    0.43782700       0.00000
39 "general operation" . 
    0.48924600   -0.40207500    0.77393400       0.00000
   -0.20008100    0.81197900    0.54832200       0.00000
   -0.84888500   -0.42311400    0.31680900       0.00000
40 "general operation" . 
   -0.79683000   -0.56351100   -0.21798400       0.00000
    0.39238600   -0.20828600   -0.89590700       0.00000
    0.45945000   -0.79942000    0.38708200       0.00000
41 "general operation" . 
   -0.65320700    0.29442400   -0.69759300       0.00000
    0.29442400   -0.75003700   -0.59224900       0.00000
   -0.69759300   -0.59224900    0.40324400       0.00000
42 "general operation" . 
   -0.79683000    0.39238600    0.45945000       0.00000
   -0.56351100   -0.20828600   -0.79942000       0.00000
   -0.21798400   -0.89590700    0.38708300       0.00000
43 "general operation" . 
   -0.33197800   -0.41765400    0.84578700       0.00000
   -0.41765400   -0.73887900   -0.52879400       0.00000
    0.84578700   -0.52879400    0.07085700       0.00000
44 "general operation" . 
   -0.11723200   -0.99252700   -0.03385500       0.00000
    0.16536300   -0.05312300    0.98480100       0.00000
   -0.97924000    0.10985200    0.17035500       0.00000
45 "general operation" . 
   -0.09205400   -0.04494100   -0.99473900       0.00000
    0.99417000    0.05217800   -0.09435900       0.00000
    0.05614400   -0.99762600    0.03987600       0.00000
46 "general operation" . 
   -0.49613200    0.42415300   -0.75759300       0.00000
   -0.28540300    0.74439700    0.60367000       0.00000
    0.81999900    0.51572000   -0.24826500       0.00000
47 "general operation" . 
    0.08907400   -0.16514200    0.98223900       0.00000
   -0.99245500    0.06870300    0.10155100       0.00000
   -0.08425300   -0.98387400   -0.15777700       0.00000
48 "general operation" . 
   -0.49613200   -0.28540300    0.81999900       0.00000
    0.42415300    0.74439700    0.51572000       0.00000
   -0.75759300    0.60367000   -0.24826500       0.00000
49 "general operation" . 
    0.08907400   -0.99245500   -0.08425300       0.00000
   -0.16514200    0.06870300   -0.98387400       0.00000
    0.98223900    0.10155100   -0.15777700       0.00000
50 "general operation" . 
    0.32146200    0.39571200   -0.86027600       0.00000
   -0.32364800   -0.80786900   -0.49254500       0.00000
   -0.88989600    0.43676100   -0.13162700       0.00000
51 "general operation" . 
    0.66009400   -0.31650200    0.68125100       0.00000
    0.19106100   -0.80633900   -0.55974400       0.00000
    0.72647900    0.49964300   -0.47178800       0.00000
52 "general operation" . 
   -0.72420800    0.57544900    0.37997700       0.00000
    0.57544900    0.20069000    0.79283200       0.00000
    0.37997700    0.79283200   -0.47648200       0.00000
53 "general operation" . 
   -0.88171100   -0.37921200   -0.28068400       0.00000
   -0.37921200    0.21568500    0.89982100       0.00000
   -0.28068400    0.89982100   -0.33397400       0.00000
54 "general operation" . 
    0.16997000   -0.74445100   -0.64568000       0.00000
   -0.74445100   -0.52630700    0.41084600       0.00000
   -0.64568000    0.41084600   -0.64366300       0.00000
55 "general operation" . 
    0.42481700    0.80022300    0.42329000       0.00000
    0.80022300   -0.55056900    0.23773300       0.00000
    0.42329000    0.23773300   -0.87424700       0.00000
56 "general operation" . 
    0.80837400    0.55605300    0.19322500       0.00000
    0.42141000   -0.31743900   -0.84949800       0.00000
   -0.41102900    0.76813900   -0.49093600       0.00000
57 "general operation" . 
    0.78021600   -0.39962300   -0.48121100       0.00000
   -0.60767600   -0.30186000   -0.73458200       0.00000
    0.14829800    0.86555300   -0.47835700       0.00000
58 "general operation" . 
   -0.33717300   -0.72581400   -0.59959100       0.00000
   -0.85065300    0.50775500   -0.13629100       0.00000
    0.40336700    0.46409000   -0.78861600       0.00000
59 "general operation" . 
   -0.29161200    0.82050200    0.49166900       0.00000
    0.81444300    0.48254700   -0.32222800       0.00000
   -0.50164200    0.30647100   -0.80896900       0.00000
60 "general operation" . 
    0.97744900   -0.01552000   -0.21060100       0.00000
   -0.01552000   -0.99987800    0.00165300       0.00000
   -0.21060100    0.00165300   -0.97757100       0.00000
