

Program findframe

Matrices will be read from 2nd input file

Coordinates input is a cif file

parsing (_pdbx_struct_oper_list.)  ntot=882 : Row=63 : data_item=14 : loop=1

parsing (_cell.)  ntot=9 : Row=1 : data_item=9 : loop=0

parsing (_symmetry.)  ntot=5 : Row=1 : data_item=5 : loop=0

parsing (_atom_site.)  ntot=79898 : Row=3073 : data_item=26 : loop=1
393 CA and/or P coordinates read

coordinate center of mass: 0.230122 20.188496 123.812936

60 matrices read

 one identity matrix read in 
icosahedral symmetry: I

 Icosahedral asymmetric unit is 2-fold centric
 closest 5-fold will be aligned to the vector  ( 0, 1, phi)
 3-fold to right of 2-fold will be aligned to  ( phi/3, 0, (2*phi+1)/3)

FINDFRAME MAT START
rot:     0.99434627   -0.00780483   -0.10589891 trans:              0.00000
rot:     0.01415963    0.99813445    0.05938965 trans:              0.00000
rot:     0.10523783   -0.06055337    0.99260178 trans:              0.00000

rmsd (Angstrom) before fit   0.000089  after fit    0.000065

FINDFRAME MAT FINAL
rot:     0.99434626   -0.00780426   -0.10589901 trans:              0.00000
rot:     0.01415908    0.99813444    0.05938982 trans:              0.00000
rot:     0.10523796   -0.06055348    0.99260176 trans:              0.00000


 writing assembly cif records to *findframe.cif*


PROGRAM makeassembly


parsing (_symmetry.)  ntot=5 : Row=1 : data_item=5 : loop=0

parsing (_entry.)  ntot=1 : Row=1 : data_item=1 : loop=0

parsing (_cell.)  ntot=9 : Row=1 : data_item=9 : loop=0
pdb id: 2VF9
a:      281.400000
b:      285.400000
c:      472.500000
alpha:  93.270000
beta:   90.000000
gamma:  119.440000
s.g.:   'P 1'

parsing (_struct_asym.)  ntot=20 : Row=4 : data_item=5 : loop=1
number of chains read: 4
chain asym id: A   entity id:  1
chain asym id: B   entity id:  1
chain asym id: C   entity id:  1
chain asym id: D   entity id:  2
location of space group data: /Users/cathylawson/Programs/pointsuite-next/data/space_group.cif
number of symops read for s.g. 'P 1':    1

parsing (_pdbx_point_symmetry.)  ntot=2 : Row=1 : data_item=2 : loop=0
the item (_pdbx_point_symmetry.circular_symmetry) is not found
cif table (_pdbx_helical_symmetry.) not found.
 symmetry info (from  makextrans.cif): I

parsing (_pdbx_struct_oper_list.)  ntot=45 : Row=3 : data_item=15 : loop=1
 transform to point or helical frame matrix: 
        0.99434626 -0.00780426 -0.10589901        0.0000000
        0.01415908  0.99813444  0.05938982        0.0000000
        0.10523796 -0.06055348  0.99260176        0.0000000
        0.00000000  0.00000000  0.00000000        1.0000000

parsing (_exptl.)  ntot=3 : Row=1 : data_item=3 : loop=0
_exptl.method read from file 2VF9.cif is: X-RAY DIFFRACTION
2 transform to crystal frame matrices (from makextrans.cif)
        1.000000  0.000000  0.000000        0.00000
        0.000000  1.000000  0.000000        0.00000
        0.000000  0.000000  1.000000        0.00000

        0.978692 -0.013168 -0.204912      142.20000
        0.013215  0.999912 -0.001136      -30.04999
        0.204908 -0.001596  0.978780     -214.74836



 writing assembly cif records to *assembly.cif*
 writing assembly BIOMT records to *assembly.biomt*
  number of assembly matrices: 60


  2 independent particle(s) in crystal unit cell
 writing ncs cif records to *assembly.ncs*
*************************************************
 PARTICLE  1 
 deposited frame to crystal frame transformation:
 1  1.000000  0.000000  0.000000        0.00000
 1  0.000000  1.000000  0.000000        0.00000
 1  0.000000  0.000000  1.000000        0.00000
 crystal symops contributing to point symmetry:
   1  of   1 crystal symops total
 point operations corresponding to ncs ops:
   1  2  3  4  5  6  7  8  9 10 11 12 13 14 15
  16 17 18 19 20 21 22 23 24 25 26 27 28 29 30
  31 32 33 34 35 36 37 38 39 40 41 42 43 44 45
  46 47 48 49 50 51 52 53 54 55 56 57 58 59 60
  60 of  60 point ops 
*************************************************
 PARTICLE  2 
 deposited frame to crystal frame transformation:
 2  0.978692 -0.013168 -0.204912      142.20000
 2  0.013215  0.999912 -0.001136      -30.04999
 2  0.204908 -0.001596  0.978780     -214.74836
 crystal symops contributing to point symmetry:
   1  of   1 crystal symops total
 point operations corresponding to ncs ops:
   1  2  3  4  5  6  7  8  9 10 11 12 13 14 15
  16 17 18 19 20 21 22 23 24 25 26 27 28 29 30
  31 32 33 34 35 36 37 38 39 40 41 42 43 44 45
  46 47 48 49 50 51 52 53 54 55 56 57 58 59 60
  60 of  60 point ops 
closing assembly.cif
 
removing assembly cif categories if present
 
no loop detected for _pdbx_point_symmetry\.
no _pdbx_helical_symmetry\. category present
loop detected for _pdbx_struct_assembly\.
loop detected for _pdbx_struct_assembly_gen\.
loop detected for _pdbx_struct_oper_list\.
