REMARK 350 MOLECULE CAN BE GENERATED BY APPLYING BIOMT TRANSFORMATIONS          
REMARK 350   BIOMT1   1  1.000000  0.000000  0.000000        0.00000            
REMARK 350   BIOMT2   1  0.000000  1.000000  0.000000        0.00000            
REMARK 350   BIOMT3   1  0.000000  0.000000  1.000000        0.00000            
REMARK 350   BIOMT1   2  0.438676  0.122701 -0.890229      340.15449            
REMARK 350   BIOMT2   2 -0.610434  0.767690 -0.194991      179.20263            
REMARK 350   BIOMT3   2  0.659495  0.628964  0.411668        3.48827            
REMARK 350   BIOMT1   3 -0.469566 -0.411900 -0.780926      508.25494            
REMARK 350   BIOMT2   3 -0.865003  0.391806  0.313462      108.45263            
REMARK 350   BIOMT3   3  0.176856  0.822695 -0.540274      341.96649            
REMARK 350   BIOMT1   4 -0.469566 -0.865003  0.176856      271.99224            
REMARK 350   BIOMT2   4 -0.411900  0.391806  0.822695     -114.47591            
REMARK 350   BIOMT3   4 -0.780926  0.313462 -0.540274      547.66927            
REMARK 350   BIOMT1   5  0.438676 -0.610434  0.659495      -42.12659            
REMARK 350   BIOMT2   5  0.122701  0.767690  0.628964     -181.50332            
REMARK 350   BIOMT3   5 -0.890229 -0.194991  0.411668      336.32235            
REMARK 350   BIOMT1   6 -0.762275 -0.330162 -0.556713      515.81567            
REMARK 350   BIOMT2   6 -0.330162 -0.541457  0.773186     -119.82934            
REMARK 350   BIOMT3   6 -0.556713  0.773186  0.303732      291.32649            
REMARK 350   BIOMT1   7 -0.499999 -0.697147  0.513797      195.41646            
REMARK 350   BIOMT2   7  0.695602  0.030124  0.717795     -326.46893            
REMARK 350   BIOMT3   7 -0.515886  0.716295  0.469875      241.57454            
REMARK 350   BIOMT1   8  0.545072 -0.273383  0.792565      -97.79865            
REMARK 350   BIOMT2   8  0.760137  0.559944 -0.329626      -81.95449            
REMARK 350   BIOMT3   8 -0.353678  0.782128  0.513018      196.09466            
REMARK 350   BIOMT1   9  0.928684  0.355502 -0.105658       41.38366            
REMARK 350   BIOMT2   9 -0.225742  0.315810 -0.921577      275.80334            
REMARK 350   BIOMT3   9 -0.294255  0.879706  0.373540      217.73850            
REMARK 350   BIOMT1  10  0.120700  0.320411 -0.939558      420.61817            
REMARK 350   BIOMT2  10 -0.899584 -0.364893 -0.240001      252.39539            
REMARK 350   BIOMT3  10 -0.419737  0.874179  0.244194      276.59501            
REMARK 350   BIOMT1  11 -0.858366 -0.412463  0.305094      323.86941            
REMARK 350   BIOMT2  11 -0.412463  0.201164 -0.888486      307.74251            
REMARK 350   BIOMT3  11  0.305094 -0.888486 -0.342799      265.69377            
REMARK 350   BIOMT1  12  0.076445 -0.230073  0.970166      -40.95784            
REMARK 350   BIOMT2  12 -0.889687 -0.455003 -0.037799      200.39121            
REMARK 350   BIOMT3  12  0.450125 -0.860255 -0.239476      209.05800            
REMARK 350   BIOMT1  13  0.813799  0.442955  0.376195      -52.80017            
REMARK 350   BIOMT2  13 -0.137463 -0.482241  0.865186     -183.90951            
REMARK 350   BIOMT3  13  0.564655 -0.755800 -0.331558      207.17490            
REMARK 350   BIOMT1  14  0.334697  0.676519 -0.655972      304.70811            
REMARK 350   BIOMT2  14  0.804661  0.157092  0.572576     -314.06912            
REMARK 350   BIOMT3  14  0.490406 -0.719475 -0.491790      262.64686            
REMARK 350   BIOMT1  15 -0.698757  0.147841 -0.699915      537.50271            
REMARK 350   BIOMT2  15  0.634701  0.579460 -0.511253      -10.21146            
REMARK 350   BIOMT3  15  0.329989 -0.801479 -0.498737      298.81351            
REMARK 350   BIOMT1  16  0.620641  0.742625  0.251619       19.41793            
REMARK 350   BIOMT2  16  0.742625 -0.659707  0.115299     -187.95733            
REMARK 350   BIOMT3  16  0.251619  0.115299 -0.960934      429.66623            
REMARK 350   BIOMT1  17 -0.015122  0.804519 -0.593734      364.48989            
REMARK 350   BIOMT2  17  0.804519 -0.342811 -0.485005      -53.16908            
REMARK 350   BIOMT3  17 -0.593734 -0.485005 -0.642067      532.56569            
REMARK 350   BIOMT1  18 -0.889304  0.242328 -0.387833      501.44689            
REMARK 350   BIOMT2  18  0.242328 -0.469508 -0.849022      157.36721            
REMARK 350   BIOMT3  18 -0.387833 -0.849022  0.358813      241.45044            
REMARK 350   BIOMT1  19 -0.793816 -0.167018  0.584775      241.01900            
REMARK 350   BIOMT2  19 -0.167018 -0.864708 -0.473693      152.69754            
REMARK 350   BIOMT3  19  0.584775 -0.473693  0.658524      -41.36812            
REMARK 350   BIOMT1  20  0.139382  0.142182  0.979978      -56.89128            
REMARK 350   BIOMT2  20  0.142182 -0.982257  0.122290      -60.72477            
REMARK 350   BIOMT3  20  0.979978  0.122290 -0.157125       74.95563            
REMARK 350   BIOMT1  21  0.641647 -0.588440 -0.491964      198.31257            
REMARK 350   BIOMT2  21 -0.682824 -0.146101 -0.715825      323.21518            
REMARK 350   BIOMT3  21  0.349344  0.795232 -0.495546      293.88695            
REMARK 350   BIOMT1  22  0.316231 -0.682436 -0.658998      309.40559            
REMARK 350   BIOMT2  22 -0.682436 -0.646172  0.341676       62.27090            
REMARK 350   BIOMT3  22 -0.658998  0.341676 -0.670059      553.49677            
REMARK 350   BIOMT1  23  0.120700 -0.899584 -0.419738      292.37980            
REMARK 350   BIOMT2  23  0.320411 -0.364893  0.874179     -284.46677            
REMARK 350   BIOMT3  23 -0.939558 -0.240001  0.244194      388.22748            
REMARK 350   BIOMT1  24  0.325270 -0.939792 -0.104832      170.76427            
REMARK 350   BIOMT2  24  0.939817  0.309017  0.145784     -237.81816            
REMARK 350   BIOMT3  24 -0.104611 -0.145942  0.983747       26.47563            
REMARK 350   BIOMT1  25  0.647233 -0.747494 -0.149470      112.62752            
REMARK 350   BIOMT2  25  0.319784  0.444238 -0.836894      137.74994            
REMARK 350   BIOMT3  25  0.691973  0.493867  0.526562      -31.83002            
REMARK 350   BIOMT1  26 -0.020948 -0.273612 -0.961612      456.47430            
REMARK 350   BIOMT2  26  0.967246 -0.248916  0.049754     -220.02780            
REMARK 350   BIOMT3  26 -0.252974 -0.929073  0.269865      234.42616            
REMARK 350   BIOMT1  27 -0.476345 -0.817439 -0.323864      396.96224            
REMARK 350   BIOMT2  27  0.609067 -0.041115 -0.792052       64.55239            
REMARK 350   BIOMT3  27  0.634139 -0.574545  0.517461      -17.17523            
REMARK 350   BIOMT1  28  0.076445 -0.889687  0.450125       87.31419            
REMARK 350   BIOMT2  28 -0.230073 -0.455003 -0.860255      261.59852            
REMARK 350   BIOMT3  28  0.970166 -0.037799 -0.239476       97.37493            
REMARK 350   BIOMT1  29  0.873486 -0.390512  0.290729      -44.54677            
REMARK 350   BIOMT2  29 -0.390512 -0.918601 -0.060600       98.79953            
REMARK 350   BIOMT3  29  0.290729 -0.060600 -0.954884      419.77222            
REMARK 350   BIOMT1  30  0.813293 -0.009756 -0.581772      183.60673            
REMARK 350   BIOMT2  30  0.349472 -0.791233  0.501817     -198.86190            
REMARK 350   BIOMT3  30 -0.465213 -0.611437 -0.640094      504.47454            
REMARK 350   BIOMT1  31 -0.458153  0.054074  0.887227       94.32278            
REMARK 350   BIOMT2  31  0.427980  0.888250  0.166867     -133.08243            
REMARK 350   BIOMT3  31 -0.779056  0.456166 -0.430097      520.09182            
REMARK 350   BIOMT1  32  0.351133  0.543330  0.762560      -48.73496            
REMARK 350   BIOMT2  32 -0.244426  0.839368 -0.485507      172.25578            
REMARK 350   BIOMT3  32 -0.903860 -0.015912  0.427533      335.33822            
REMARK 350   BIOMT1  33  0.325270  0.939817 -0.104611      170.73061            
REMARK 350   BIOMT2  33 -0.939792  0.309017 -0.145942      237.83669            
REMARK 350   BIOMT3  33 -0.104832  0.145784  0.983747       26.52623            
REMARK 350   BIOMT1  34 -0.499999  0.695602 -0.515886      449.42552            
REMARK 350   BIOMT2  34 -0.697147  0.030124  0.716295      -26.97028            
REMARK 350   BIOMT3  34  0.513797  0.717795  0.469875       20.42353            
REMARK 350   BIOMT1  35 -0.984181  0.148183  0.097104      402.20289            
REMARK 350   BIOMT2  35  0.148183  0.388110  0.909622     -256.21090            
REMARK 350   BIOMT3  35  0.097104  0.909622 -0.403929      325.46384            
REMARK 350   BIOMT1  36 -0.162545  0.807978  0.566349      109.99335            
REMARK 350   BIOMT2  36 -0.712402 -0.493233  0.499204       29.85089            
REMARK 350   BIOMT3  36  0.682687 -0.322325  0.655778      -61.71843            
REMARK 350   BIOMT1  37 -0.191018  0.956545  0.220302      201.47014            
REMARK 350   BIOMT2  37  0.317795 -0.152081  0.935883     -299.12323            
REMARK 350   BIOMT3  37  0.928719  0.248781 -0.274935      115.02675            
REMARK 350   BIOMT1  38 -0.522415  0.849455  0.074223      308.67841            
REMARK 350   BIOMT2  38  0.849455  0.510880  0.132017     -215.01260            
REMARK 350   BIOMT3  38  0.074223  0.132017 -0.988465      474.55786            
REMARK 350   BIOMT1  39 -0.698757  0.634701  0.329989      283.45999            
REMARK 350   BIOMT2  39  0.147841  0.579460 -0.801479      165.94475            
REMARK 350   BIOMT3  39 -0.699915 -0.511253 -0.498737      520.01512            
REMARK 350   BIOMT1  40 -0.476345  0.609067  0.634139      160.66587            
REMARK 350   BIOMT2  40 -0.817439 -0.041115 -0.574545      317.27870            
REMARK 350   BIOMT3  40 -0.323864 -0.792052  0.517461      188.57814            
REMARK 350   BIOMT1  41  0.641647 -0.682824  0.349344       -9.21512            
REMARK 350   BIOMT2  41 -0.588440 -0.146101  0.795232      -69.79119            
REMARK 350   BIOMT3  41 -0.491964 -0.715825 -0.495546      474.56269            
REMARK 350   BIOMT1  42  0.928684 -0.225742 -0.294255       87.89869            
REMARK 350   BIOMT2  42  0.355502  0.315810  0.879706     -293.35925            
REMARK 350   BIOMT3  42 -0.105658 -0.921577  0.373540      177.21262            
REMARK 350   BIOMT1  43  0.351133 -0.244426 -0.903860      362.31480            
REMARK 350   BIOMT2  43  0.543330  0.839368 -0.015912     -112.77096            
REMARK 350   BIOMT3  43  0.762560 -0.485507  0.427533      -22.57351            
REMARK 350   BIOMT1  44 -0.292852 -0.713054 -0.637018      434.79948            
REMARK 350   BIOMT2  44 -0.284527  0.701034 -0.653908      222.40680            
REMARK 350   BIOMT3  44  0.912843 -0.010249 -0.408182      151.30194            
REMARK 350   BIOMT1  45 -0.113304 -0.983999  0.137505      205.18136            
REMARK 350   BIOMT2  45 -0.983999  0.091980 -0.152594      248.96976            
REMARK 350   BIOMT3  45  0.137505 -0.152594 -0.978676      458.54901            
REMARK 350   BIOMT1  46 -0.458153  0.427980 -0.779056      505.35174            
REMARK 350   BIOMT2  46  0.054074  0.888250  0.456166     -124.13829            
REMARK 350   BIOMT3  46  0.887227  0.166867 -0.430097      162.21136            
REMARK 350   BIOMT1  47 -0.976018 -0.217658  0.003697      423.48653            
REMARK 350   BIOMT2  47 -0.217658  0.975448 -0.033550       55.02319            
REMARK 350   BIOMT3  47  0.003697 -0.033550 -0.999430      492.40839            
REMARK 350   BIOMT1  48 -0.292852 -0.284527  0.912843       52.49759            
REMARK 350   BIOMT2  48 -0.713054  0.701034 -0.010249      155.67171            
REMARK 350   BIOMT3  48 -0.637018 -0.653908 -0.408182      484.16729            
REMARK 350   BIOMT1  49  0.647233  0.319784  0.691973      -94.92097            
REMARK 350   BIOMT2  49 -0.747494  0.444238  0.493867       38.71443            
REMARK 350   BIOMT3  49 -0.149470 -0.836894  0.526562      148.87698            
REMARK 350   BIOMT1  50  0.545072  0.760137 -0.353678      184.95828            
REMARK 350   BIOMT2  50 -0.273383  0.559944  0.782128     -134.21766            
REMARK 350   BIOMT3  50  0.792565 -0.329626  0.513018      -50.10272            
REMARK 350   BIOMT1  51 -0.162545 -0.712402  0.682687       81.27915            
REMARK 350   BIOMT2  51  0.807978 -0.493233 -0.322325      -94.04215            
REMARK 350   BIOMT3  51  0.566349  0.499204  0.655778      -36.72266            
REMARK 350   BIOMT1  52  0.813799 -0.137463  0.564655      -99.29440            
REMARK 350   BIOMT2  52  0.442955 -0.482241 -0.755800       91.28220            
REMARK 350   BIOMT3  52  0.376195  0.865186 -0.331558      247.66951            
REMARK 350   BIOMT1  53  0.813293  0.349472 -0.465213      154.85886            
REMARK 350   BIOMT2  53 -0.009756 -0.791233 -0.611437      152.89992            
REMARK 350   BIOMT3  53 -0.581772  0.501817 -0.640094      529.52091            
REMARK 350   BIOMT1  54 -0.163364  0.075476 -0.983675      492.50776            
REMARK 350   BIOMT2  54  0.075476 -0.993191 -0.088741        5.65741            
REMARK 350   BIOMT3  54 -0.983675 -0.088741  0.156555      419.32248            
REMARK 350   BIOMT1  55 -0.766465 -0.580799 -0.274233      447.03300            
REMARK 350   BIOMT2  55  0.580863 -0.809017  0.089941     -146.96118            
REMARK 350   BIOMT3  55 -0.274097 -0.090355  0.957448       69.36470            
REMARK 350   BIOMT1  56 -0.020948  0.967246 -0.252974      281.68724            
REMARK 350   BIOMT2  56 -0.273612 -0.248916 -0.929073      287.92747            
REMARK 350   BIOMT3  56 -0.961612  0.049754  0.269865      386.63511            
REMARK 350   BIOMT1  57 -0.766465  0.580863 -0.274097      447.01219            
REMARK 350   BIOMT2  57 -0.580799 -0.809017 -0.090355      147.00969            
REMARK 350   BIOMT3  57 -0.274233  0.089941  0.957448       69.39598            
REMARK 350   BIOMT1  58 -0.871574  0.179480  0.456230      289.43176            
REMARK 350   BIOMT2  58  0.179480 -0.749169  0.637599     -195.84484            
REMARK 350   BIOMT3  58  0.456230  0.637599  0.620743       -4.42819            
REMARK 350   BIOMT1  59 -0.191018  0.317795  0.928719       26.71674            
REMARK 350   BIOMT2  59  0.956545 -0.152081  0.248781     -266.82281            
REMARK 350   BIOMT3  59  0.220302  0.935883 -0.274935      267.18510            
REMARK 350   BIOMT1  60  0.334697  0.804661  0.490406       21.93037            
REMARK 350   BIOMT2  60  0.676519  0.157092 -0.719475       32.16492            
REMARK 350   BIOMT3  60 -0.655972  0.572576 -0.491790      508.87551            
