#
_pdbx_point_symmetry.entry_id               2W0C
_pdbx_point_symmetry.Schoenflies_symbol        I 
#
loop_
_pdbx_struct_oper_list.id
_pdbx_struct_oper_list.type 
_pdbx_struct_oper_list.matrix[1][1]
_pdbx_struct_oper_list.matrix[1][2]
_pdbx_struct_oper_list.matrix[1][3]
_pdbx_struct_oper_list.vector[1]
_pdbx_struct_oper_list.matrix[2][1]
_pdbx_struct_oper_list.matrix[2][2]
_pdbx_struct_oper_list.matrix[2][3] 
_pdbx_struct_oper_list.vector[2]
_pdbx_struct_oper_list.matrix[3][1]
_pdbx_struct_oper_list.matrix[3][2] 
_pdbx_struct_oper_list.matrix[3][3]
_pdbx_struct_oper_list.vector[3]
   P         'transform to point frame'
        0.90017804    0.41248803    0.13976095          -227.80694
        0.26611480   -0.77497242    0.57323701          -198.56488
        0.34476428   -0.47882291   -0.80738232           125.10602
   X0      'transform to crystal frame'
        1.00000000    0.00000000    0.00000000             0.00000
        0.00000000    1.00000000    0.00000000             0.00000
        0.00000000    0.00000000    1.00000000             0.00000
   1     'point symmetry operation'
        1.00000000    0.00000000    0.00000000             0.00000
        0.00000000    1.00000000    0.00000000             0.00000
        0.00000000    0.00000000    1.00000000             0.00000
   2     'point symmetry operation'
        0.43867574    0.12270071   -0.89022926           340.15451
       -0.61043432    0.76769037   -0.19499087           179.20265
        0.65949490    0.62896425    0.41166788             3.48827
   3     'point symmetry operation'
       -0.46956597   -0.41190040   -0.78092629           508.25498
       -0.86500276    0.39180549    0.31346239           108.45264
        0.17685592    0.82269467   -0.54027351           341.96651
   4     'point symmetry operation'
       -0.46956597   -0.86500277    0.17685592           271.99227
       -0.41190040    0.39180549    0.82269467          -114.47593
       -0.78092628    0.31346240   -0.54027351           547.66930
   5     'point symmetry operation'
        0.43867575   -0.61043432    0.65949491           -42.12658
        0.12270071    0.76769037    0.62896425          -181.50335
       -0.89022925   -0.19499087    0.41166787           336.32237
   6     'point symmetry operation'
       -0.76227518   -0.33016208   -0.55671318           515.81571
       -0.33016207   -0.54145724    0.77318630          -119.82934
       -0.55671317    0.77318630    0.30373242           291.32650
   7     'point symmetry operation'
       -0.49999887   -0.69714664    0.51379733           195.41649
        0.69560242    0.03012391    0.71779512          -326.46895
       -0.51588603    0.71629542    0.46987496           241.57454
   8     'point symmetry operation'
        0.54507157   -0.27338283    0.79256471           -97.79865
        0.76013746    0.55994422   -0.32962632           -81.95450
       -0.35367785    0.78212806    0.51301819           196.09467
   9     'point symmetry operation'
        0.92868432    0.35550218   -0.10565808            41.38365
       -0.22574218    0.31581002   -0.92157718           275.80335
       -0.29425482    0.87970577    0.37353965           217.73852
  10     'point symmetry operation'
        0.12069960    0.32041067   -0.93955767           420.61819
       -0.89958435   -0.36489352   -0.24000150           252.39541
       -0.41973755    0.87417945    0.24419392           276.59503
  11     'point symmetry operation'
       -0.85836583   -0.41246326    0.30509370           323.86943
       -0.41246326    0.20116449   -0.88848574           307.74253
        0.30509370   -0.88848574   -0.34279867           265.69380
  12     'point symmetry operation'
        0.07644520   -0.23007313    0.97016622           -40.95784
       -0.88968715   -0.45500326   -0.03779942           200.39122
        0.45012542   -0.86025484   -0.23947593           209.05803
  13     'point symmetry operation'
        0.81379887    0.44295482    0.37619467           -52.80017
       -0.13746309   -0.48224135    0.86518621          -183.90952
        0.56465502   -0.75580045   -0.33155752           207.17491
  14     'point symmetry operation'
        0.33469747    0.67651885   -0.65597244           304.70813
        0.80466084    0.15709234    0.57257570          -314.06914
        0.49040650   -0.71947498   -0.49178981           262.64686
  15     'point symmetry operation'
       -0.69875715    0.14784141   -0.69991526           537.50275
        0.63470139    0.57946038   -0.51125317           -10.21147
        0.32998878   -0.80147900   -0.49873722           298.81352
  16     'point symmetry operation'
        0.62064101    0.74262533    0.25161948            19.41793
        0.74262533   -0.65970725    0.11529944          -187.95735
        0.25161947    0.11529943   -0.96093376           429.66625
  17     'point symmetry operation'
       -0.01512207    0.80451906   -0.59373429           364.48992
        0.80451905   -0.34281102   -0.48500483           -53.16909
       -0.59373429   -0.48500483   -0.64206691           532.56572
  18     'point symmetry operation'
       -0.88930447    0.24232840   -0.38783310           501.44692
        0.24232840   -0.46950836   -0.84902228           157.36723
       -0.38783309   -0.84902229    0.35881283           241.45047
  19     'point symmetry operation'
       -0.79381583   -0.16701826    0.58477460           241.01902
       -0.16701826   -0.86470785   -0.47369318           152.69756
        0.58477461   -0.47369319    0.65852368           -41.36812
  20     'point symmetry operation'
        0.13938180    0.14218224    0.97997802           -56.89128
        0.14218224   -0.98225723    0.12229042           -60.72476
        0.97997802    0.12229041   -0.15712457            74.95563
  21     'point symmetry operation'
        0.64164681   -0.58843951   -0.49196373           198.31259
       -0.68282387   -0.14610101   -0.71582543           323.21520
        0.34934356    0.79523169   -0.49554579           293.88698
  22     'point symmetry operation'
        0.31623099   -0.68243643   -0.65899809           309.40562
       -0.68243642   -0.64617193    0.34167582            62.27090
       -0.65899809    0.34167582   -0.67005906           553.49680
  23     'point symmetry operation'
        0.12069960   -0.89958435   -0.41973755           292.37984
        0.32041067   -0.36489352    0.87417946          -284.46680
       -0.93955766   -0.24000150    0.24419392           388.22749
  24     'point symmetry operation'
        0.32527037   -0.93979223   -0.10483204           170.76429
        0.93981681    0.30901700    0.14578355          -237.81818
       -0.10461136   -0.14594198    0.98374661            26.47562
  25     'point symmetry operation'
        0.64723345   -0.74749414   -0.14947028           112.62753
        0.31978377    0.44423821   -0.83689351           137.74995
        0.69197340    0.49386732    0.52656233           -31.83002
  26     'point symmetry operation'
       -0.02094834   -0.27361222   -0.96161194           456.47434
        0.96724615   -0.24891642    0.04975435          -220.02781
       -0.25297440   -0.92907318    0.26986476           234.42617
  27     'point symmetry operation'
       -0.47634541   -0.81743938   -0.32386403           396.96227
        0.60906729   -0.04111524   -0.79205212            64.55240
        0.63413885   -0.57454538    0.51746065           -17.17523
  28     'point symmetry operation'
        0.07644520   -0.88968716    0.45012542            87.31420
       -0.23007314   -0.45500326   -0.86025484           261.59854
        0.97016621   -0.03779941   -0.23947593            97.37495
  29     'point symmetry operation'
        0.87348565   -0.39051159    0.29072930           -44.54677
       -0.39051158   -0.91860130   -0.06059996            98.79954
        0.29072929   -0.06059996   -0.95488435           419.77225
  30     'point symmetry operation'
        0.81329313   -0.00975633   -0.58177237           183.60675
        0.34947243   -0.79123263    0.50181665          -198.86192
       -0.46521318   -0.61143744   -0.64009449           504.47456
  31     'point symmetry operation'
       -0.45815305    0.05407389    0.88722703            94.32280
        0.42798015    0.88825011    0.16686741          -133.08246
       -0.77905633    0.45616637   -0.43009706           520.09184
  32     'point symmetry operation'
        0.35113251    0.54333038    0.76256020           -48.73496
       -0.24442563    0.83936816   -0.48550716           172.25578
       -0.90385954   -0.01591191    0.42753331           335.33825
  33     'point symmetry operation'
        0.32527037    0.93981682   -0.10461137           170.73061
       -0.93979222    0.30901700   -0.14594198           237.83672
       -0.10483204    0.14578354    0.98374661            26.52624
  34     'point symmetry operation'
       -0.49999888    0.69560242   -0.51588604           449.42555
       -0.69714663    0.03012391    0.71629541           -26.97027
        0.51379733    0.71779511    0.46987496            20.42352
  35     'point symmetry operation'
       -0.98418118    0.14818318    0.09710380           402.20292
        0.14818318    0.38810966    0.90962225          -256.21092
        0.09710380    0.90962225   -0.40392848           325.46384
  36     'point symmetry operation'
       -0.16254542    0.80797785    0.56634864           109.99336
       -0.71240242   -0.49323268    0.49920367            29.85090
        0.68268717   -0.32232489    0.65577809           -61.71844
  37     'point symmetry operation'
       -0.19101809    0.95654543    0.22030192           201.47015
        0.31779477   -0.15208099    0.93588347          -299.12324
        0.92871878    0.24878147   -0.27493490           115.02674
  38     'point symmetry operation'
       -0.52241516    0.84945469    0.07422349           308.67844
        0.84945469    0.51087978    0.13201737          -215.01262
        0.07422349    0.13201736   -0.98846461           474.55788
  39     'point symmetry operation'
       -0.69875714    0.63470140    0.32998878           283.46001
        0.14784140    0.57946038   -0.80147900           165.94475
       -0.69991526   -0.51125317   -0.49873723           520.01516
  40     'point symmetry operation'
       -0.47634541    0.60906730    0.63413885           160.66588
       -0.81743938   -0.04111524   -0.57454538           317.27873
       -0.32386403   -0.79205213    0.51746065           188.57817
  41     'point symmetry operation'
        0.64164681   -0.68282387    0.34934357            -9.21511
       -0.58843950   -0.14610102    0.79523168           -69.79121
       -0.49196374   -0.71582543   -0.49554580           474.56272
  42     'point symmetry operation'
        0.92868432   -0.22574218   -0.29425482            87.89871
        0.35550218    0.31581002    0.87970577          -293.35927
       -0.10565808   -0.92157718    0.37353965           177.21262
  43     'point symmetry operation'
        0.35113250   -0.24442563   -0.90385954           362.31483
        0.54333038    0.83936816   -0.01591191          -112.77096
        0.76256020   -0.48550716    0.42753333           -22.57352
  44     'point symmetry operation'
       -0.29285166   -0.71305434   -0.63701760           434.79951
       -0.28452709    0.70103385   -0.65390815           222.40682
        0.91284294   -0.01024932   -0.40818220           151.30195
  45     'point symmetry operation'
       -0.11330394   -0.98399936    0.13750452           205.18138
       -0.98399935    0.09198041   -0.15259384           248.96977
        0.13750451   -0.15259383   -0.97867647           458.54904
  46     'point symmetry operation'
       -0.45815306    0.42798015   -0.77905633           505.35177
        0.05407389    0.88825011    0.45616637          -124.13830
        0.88722702    0.16686741   -0.43009705           162.21136
  47     'point symmetry operation'
       -0.97601809   -0.21765805    0.00369657           423.48656
       -0.21765805    0.97544830   -0.03354979            55.02319
        0.00369657   -0.03354978   -0.99943021           492.40842
  48     'point symmetry operation'
       -0.29285165   -0.28452709    0.91284295            52.49760
       -0.71305434    0.70103385   -0.01024932           155.67171
       -0.63701760   -0.65390815   -0.40818220           484.16734
  49     'point symmetry operation'
        0.64723346    0.31978377    0.69197341           -94.92098
       -0.74749414    0.44423821    0.49386731            38.71443
       -0.14947028   -0.83689352    0.52656232           148.87700
  50     'point symmetry operation'
        0.54507157    0.76013747   -0.35367785           184.95829
       -0.27338282    0.55994422    0.78212806          -134.21766
        0.79256471   -0.32962632    0.51301820           -50.10274
  51     'point symmetry operation'
       -0.16254542   -0.71240243    0.68268717            81.27916
        0.80797784   -0.49323267   -0.32232488           -94.04214
        0.56634865    0.49920368    0.65577809           -36.72267
  52     'point symmetry operation'
        0.81379887   -0.13746310    0.56465503           -99.29441
        0.44295482   -0.48224135   -0.75580044            91.28221
        0.37619467    0.86518621   -0.33155752           247.66953
  53     'point symmetry operation'
        0.81329313    0.34947243   -0.46521317           154.85887
       -0.00975634   -0.79123263   -0.61143744           152.89992
       -0.58177238    0.50181665   -0.64009449           529.52095
  54     'point symmetry operation'
       -0.16336371    0.07547581   -0.98367459           492.50779
        0.07547580   -0.99319107   -0.08874063             5.65742
       -0.98367459   -0.08874063    0.15655478           419.32250
  55     'point symmetry operation'
       -0.76646510   -0.58079895   -0.27423317           447.03304
        0.58086332   -0.80901697    0.08994076          -146.96117
       -0.27409677   -0.09035554    0.95744808            69.36470
  56     'point symmetry operation'
       -0.02094834    0.96724616   -0.25297440           281.68725
       -0.27361223   -0.24891642   -0.92907317           287.92749
       -0.96161193    0.04975435    0.26986476           386.63515
  57     'point symmetry operation'
       -0.76646510    0.58086333   -0.27409679           447.01222
       -0.58079895   -0.80901697   -0.09035554           147.00972
       -0.27423316    0.08994075    0.95744808            69.39598
  58     'point symmetry operation'
       -0.87157399    0.17948029    0.45622977           289.43178
        0.17948029   -0.74916938    0.63759867          -195.84484
        0.45622978    0.63759867    0.62074337            -4.42821
  59     'point symmetry operation'
       -0.19101809    0.31779476    0.92871878            26.71675
        0.95654542   -0.15208099    0.24878147          -266.82283
        0.22030192    0.93588347   -0.27493491           267.18510
  60     'point symmetry operation'
        0.33469748    0.80466084    0.49040650            21.93037
        0.67651884    0.15709234   -0.71947498            32.16491
       -0.65597245    0.57257570   -0.49178982           508.87555
#
loop_
_pdbx_struct_assembly.id
_pdbx_struct_assembly.details
      1           'complete icosahedral assembly'
      2           'icosahedral asymmetric unit'
      3           'icosahedral pentamer'
      4           'icosahedral 23 hexamer'
      PAU         'icosahedral asymmetric unit, std point frame'
      XAU         'crystal asymmetric unit, crystal frame'
#
loop_
_pdbx_struct_assembly_gen.assembly_id
_pdbx_struct_assembly_gen.oper_expression
_pdbx_struct_assembly_gen.asym_id_list
     1            (1-60)            A,B,C,D,E,F,G,H,I,J,K,L,M,N,O,P,Q,R,S,T,U,V,W,X,Y,Z,AA
     2              1                 A,B,C,D,E,F,G,H,I,J,K,L,M,N,O,P,Q,R,S,T,U,V,W,X,Y,Z,AA
     3            (1-5)             A,B,C,D,E,F,G,H,I,J,K,L,M,N,O,P,Q,R,S,T,U,V,W,X,Y,Z,AA
     4            (1,2,6,10,23,24)  A,B,C,D,E,F,G,H,I,J,K,L,M,N,O,P,Q,R,S,T,U,V,W,X,Y,Z,AA
     PAU            P                 A,B,C,D,E,F,G,H,I,J,K,L,M,N,O,P,Q,R,S,T,U,V,W,X,Y,Z,AA
     XAU          (X0)(1-60)    A,B,C,D,E,F,G,H,I,J,K,L,M,N,O,P,Q,R,S,T,U,V,W,X,Y,Z,AA
