loop_
_pdbx_struct_oper_list.id
_pdbx_struct_oper_list.type
_pdbx_struct_oper_list.name
_pdbx_struct_oper_list.matrix[1][1]
_pdbx_struct_oper_list.matrix[1][2]
_pdbx_struct_oper_list.matrix[1][3]
_pdbx_struct_oper_list.vector[1]
_pdbx_struct_oper_list.matrix[2][1]
_pdbx_struct_oper_list.matrix[2][2]
_pdbx_struct_oper_list.matrix[2][3]
_pdbx_struct_oper_list.vector[2]
_pdbx_struct_oper_list.matrix[3][1]
_pdbx_struct_oper_list.matrix[3][2]
_pdbx_struct_oper_list.matrix[3][3]
_pdbx_struct_oper_list.vector[3]
1 "general operation" . 
    1.00000000    0.00000000    0.00000000       0.00000
    0.00000000    1.00000000    0.00000000       0.00000
    0.00000000    0.00000000    1.00000000       0.00000
2 "general operation" . 
    0.43867600    0.12270100   -0.89022900     340.15449
   -0.61043400    0.76769000   -0.19499100     179.20263
    0.65949500    0.62896400    0.41166800       3.48827
3 "general operation" . 
   -0.46956600   -0.41190000   -0.78092600     508.25494
   -0.86500300    0.39180600    0.31346200     108.45263
    0.17685600    0.82269500   -0.54027400     341.96649
4 "general operation" . 
   -0.46956600   -0.86500300    0.17685600     271.99224
   -0.41190000    0.39180600    0.82269500    -114.47591
   -0.78092600    0.31346200   -0.54027400     547.66927
5 "general operation" . 
    0.43867600   -0.61043400    0.65949500     -42.12659
    0.12270100    0.76769000    0.62896400    -181.50332
   -0.89022900   -0.19499100    0.41166800     336.32235
6 "general operation" . 
   -0.76227500   -0.33016200   -0.55671300     515.81567
   -0.33016200   -0.54145700    0.77318600    -119.82934
   -0.55671300    0.77318600    0.30373200     291.32649
7 "general operation" . 
   -0.49999900   -0.69714700    0.51379700     195.41646
    0.69560200    0.03012400    0.71779500    -326.46893
   -0.51588600    0.71629500    0.46987500     241.57454
8 "general operation" . 
    0.54507200   -0.27338300    0.79256500     -97.79865
    0.76013700    0.55994400   -0.32962600     -81.95449
   -0.35367800    0.78212800    0.51301800     196.09466
9 "general operation" . 
    0.92868400    0.35550200   -0.10565800      41.38366
   -0.22574200    0.31581000   -0.92157700     275.80334
   -0.29425500    0.87970600    0.37354000     217.73850
10 "general operation" . 
    0.12070000    0.32041100   -0.93955800     420.61817
   -0.89958400   -0.36489300   -0.24000100     252.39539
   -0.41973700    0.87417900    0.24419400     276.59501
11 "general operation" . 
   -0.85836600   -0.41246300    0.30509400     323.86941
   -0.41246300    0.20116400   -0.88848600     307.74251
    0.30509400   -0.88848600   -0.34279900     265.69377
12 "general operation" . 
    0.07644500   -0.23007300    0.97016600     -40.95784
   -0.88968700   -0.45500300   -0.03779900     200.39121
    0.45012500   -0.86025500   -0.23947600     209.05800
13 "general operation" . 
    0.81379900    0.44295500    0.37619500     -52.80017
   -0.13746300   -0.48224100    0.86518600    -183.90951
    0.56465500   -0.75580000   -0.33155800     207.17490
14 "general operation" . 
    0.33469700    0.67651900   -0.65597200     304.70811
    0.80466100    0.15709200    0.57257600    -314.06912
    0.49040600   -0.71947500   -0.49179000     262.64686
15 "general operation" . 
   -0.69875700    0.14784100   -0.69991500     537.50271
    0.63470100    0.57946000   -0.51125300     -10.21146
    0.32998900   -0.80147900   -0.49873700     298.81351
16 "general operation" . 
    0.62064100    0.74262500    0.25161900      19.41793
    0.74262500   -0.65970700    0.11529900    -187.95733
    0.25161900    0.11529900   -0.96093400     429.66623
17 "general operation" . 
   -0.01512200    0.80451900   -0.59373400     364.48989
    0.80451900   -0.34281100   -0.48500500     -53.16908
   -0.59373400   -0.48500500   -0.64206700     532.56569
18 "general operation" . 
   -0.88930400    0.24232800   -0.38783300     501.44689
    0.24232800   -0.46950800   -0.84902200     157.36721
   -0.38783300   -0.84902200    0.35881300     241.45044
19 "general operation" . 
   -0.79381600   -0.16701800    0.58477500     241.01900
   -0.16701800   -0.86470800   -0.47369300     152.69754
    0.58477500   -0.47369300    0.65852400     -41.36812
20 "general operation" . 
    0.13938200    0.14218200    0.97997800     -56.89128
    0.14218200   -0.98225700    0.12229000     -60.72477
    0.97997800    0.12229000   -0.15712500      74.95563
21 "general operation" . 
    0.64164700   -0.58844000   -0.49196400     198.31257
   -0.68282400   -0.14610100   -0.71582500     323.21518
    0.34934400    0.79523200   -0.49554600     293.88695
22 "general operation" . 
    0.31623100   -0.68243600   -0.65899800     309.40559
   -0.68243600   -0.64617200    0.34167600      62.27090
   -0.65899800    0.34167600   -0.67005900     553.49677
23 "general operation" . 
    0.12070000   -0.89958400   -0.41973800     292.37980
    0.32041100   -0.36489300    0.87417900    -284.46677
   -0.93955800   -0.24000100    0.24419400     388.22748
24 "general operation" . 
    0.32527000   -0.93979200   -0.10483200     170.76427
    0.93981700    0.30901700    0.14578400    -237.81816
   -0.10461100   -0.14594200    0.98374700      26.47563
25 "general operation" . 
    0.64723300   -0.74749400   -0.14947000     112.62752
    0.31978400    0.44423800   -0.83689400     137.74994
    0.69197300    0.49386700    0.52656200     -31.83002
26 "general operation" . 
   -0.02094800   -0.27361200   -0.96161200     456.47430
    0.96724600   -0.24891600    0.04975400    -220.02780
   -0.25297400   -0.92907300    0.26986500     234.42616
27 "general operation" . 
   -0.47634500   -0.81743900   -0.32386400     396.96224
    0.60906700   -0.04111500   -0.79205200      64.55239
    0.63413900   -0.57454500    0.51746100     -17.17523
28 "general operation" . 
    0.07644500   -0.88968700    0.45012500      87.31419
   -0.23007300   -0.45500300   -0.86025500     261.59852
    0.97016600   -0.03779900   -0.23947600      97.37493
29 "general operation" . 
    0.87348600   -0.39051200    0.29072900     -44.54677
   -0.39051200   -0.91860100   -0.06060000      98.79953
    0.29072900   -0.06060000   -0.95488400     419.77222
30 "general operation" . 
    0.81329300   -0.00975600   -0.58177200     183.60673
    0.34947200   -0.79123300    0.50181700    -198.86190
   -0.46521300   -0.61143700   -0.64009400     504.47454
31 "general operation" . 
   -0.45815300    0.05407400    0.88722700      94.32278
    0.42798000    0.88825000    0.16686700    -133.08243
   -0.77905600    0.45616600   -0.43009700     520.09182
32 "general operation" . 
    0.35113300    0.54333000    0.76256000     -48.73496
   -0.24442600    0.83936800   -0.48550700     172.25578
   -0.90386000   -0.01591200    0.42753300     335.33822
33 "general operation" . 
    0.32527000    0.93981700   -0.10461100     170.73061
   -0.93979200    0.30901700   -0.14594200     237.83669
   -0.10483200    0.14578400    0.98374700      26.52623
34 "general operation" . 
   -0.49999900    0.69560200   -0.51588600     449.42552
   -0.69714700    0.03012400    0.71629500     -26.97028
    0.51379700    0.71779500    0.46987500      20.42353
35 "general operation" . 
   -0.98418100    0.14818300    0.09710400     402.20289
    0.14818300    0.38811000    0.90962200    -256.21090
    0.09710400    0.90962200   -0.40392900     325.46384
36 "general operation" . 
   -0.16254500    0.80797800    0.56634900     109.99335
   -0.71240200   -0.49323300    0.49920400      29.85089
    0.68268700   -0.32232500    0.65577800     -61.71843
37 "general operation" . 
   -0.19101800    0.95654500    0.22030200     201.47014
    0.31779500   -0.15208100    0.93588300    -299.12323
    0.92871900    0.24878100   -0.27493500     115.02675
38 "general operation" . 
   -0.52241500    0.84945500    0.07422300     308.67841
    0.84945500    0.51088000    0.13201700    -215.01260
    0.07422300    0.13201700   -0.98846500     474.55786
39 "general operation" . 
   -0.69875700    0.63470100    0.32998900     283.45999
    0.14784100    0.57946000   -0.80147900     165.94475
   -0.69991500   -0.51125300   -0.49873700     520.01512
40 "general operation" . 
   -0.47634500    0.60906700    0.63413900     160.66587
   -0.81743900   -0.04111500   -0.57454500     317.27870
   -0.32386400   -0.79205200    0.51746100     188.57814
41 "general operation" . 
    0.64164700   -0.68282400    0.34934400      -9.21512
   -0.58844000   -0.14610100    0.79523200     -69.79119
   -0.49196400   -0.71582500   -0.49554600     474.56269
42 "general operation" . 
    0.92868400   -0.22574200   -0.29425500      87.89869
    0.35550200    0.31581000    0.87970600    -293.35925
   -0.10565800   -0.92157700    0.37354000     177.21262
43 "general operation" . 
    0.35113300   -0.24442600   -0.90386000     362.31480
    0.54333000    0.83936800   -0.01591200    -112.77096
    0.76256000   -0.48550700    0.42753300     -22.57351
44 "general operation" . 
   -0.29285200   -0.71305400   -0.63701800     434.79948
   -0.28452700    0.70103400   -0.65390800     222.40680
    0.91284300   -0.01024900   -0.40818200     151.30194
45 "general operation" . 
   -0.11330400   -0.98399900    0.13750500     205.18136
   -0.98399900    0.09198000   -0.15259400     248.96976
    0.13750500   -0.15259400   -0.97867600     458.54901
46 "general operation" . 
   -0.45815300    0.42798000   -0.77905600     505.35174
    0.05407400    0.88825000    0.45616600    -124.13829
    0.88722700    0.16686700   -0.43009700     162.21136
47 "general operation" . 
   -0.97601800   -0.21765800    0.00369700     423.48653
   -0.21765800    0.97544800   -0.03355000      55.02319
    0.00369700   -0.03355000   -0.99943000     492.40839
48 "general operation" . 
   -0.29285200   -0.28452700    0.91284300      52.49759
   -0.71305400    0.70103400   -0.01024900     155.67171
   -0.63701800   -0.65390800   -0.40818200     484.16729
49 "general operation" . 
    0.64723300    0.31978400    0.69197300     -94.92097
   -0.74749400    0.44423800    0.49386700      38.71443
   -0.14947000   -0.83689400    0.52656200     148.87698
50 "general operation" . 
    0.54507200    0.76013700   -0.35367800     184.95828
   -0.27338300    0.55994400    0.78212800    -134.21766
    0.79256500   -0.32962600    0.51301800     -50.10272
51 "general operation" . 
   -0.16254500   -0.71240200    0.68268700      81.27915
    0.80797800   -0.49323300   -0.32232500     -94.04215
    0.56634900    0.49920400    0.65577800     -36.72266
52 "general operation" . 
    0.81379900   -0.13746300    0.56465500     -99.29440
    0.44295500   -0.48224100   -0.75580000      91.28220
    0.37619500    0.86518600   -0.33155800     247.66951
53 "general operation" . 
    0.81329300    0.34947200   -0.46521300     154.85886
   -0.00975600   -0.79123300   -0.61143700     152.89992
   -0.58177200    0.50181700   -0.64009400     529.52091
54 "general operation" . 
   -0.16336400    0.07547600   -0.98367500     492.50776
    0.07547600   -0.99319100   -0.08874100       5.65741
   -0.98367500   -0.08874100    0.15655500     419.32248
55 "general operation" . 
   -0.76646500   -0.58079900   -0.27423300     447.03300
    0.58086300   -0.80901700    0.08994100    -146.96118
   -0.27409700   -0.09035500    0.95744800      69.36470
56 "general operation" . 
   -0.02094800    0.96724600   -0.25297400     281.68724
   -0.27361200   -0.24891600   -0.92907300     287.92747
   -0.96161200    0.04975400    0.26986500     386.63511
57 "general operation" . 
   -0.76646500    0.58086300   -0.27409700     447.01219
   -0.58079900   -0.80901700   -0.09035500     147.00969
   -0.27423300    0.08994100    0.95744800      69.39598
58 "general operation" . 
   -0.87157400    0.17948000    0.45623000     289.43176
    0.17948000   -0.74916900    0.63759900    -195.84484
    0.45623000    0.63759900    0.62074300      -4.42819
59 "general operation" . 
   -0.19101800    0.31779500    0.92871900      26.71674
    0.95654500   -0.15208100    0.24878100    -266.82281
    0.22030200    0.93588300   -0.27493500     267.18510
60 "general operation" . 
    0.33469700    0.80466100    0.49040600      21.93037
    0.67651900    0.15709200   -0.71947500      32.16492
   -0.65597200    0.57257600   -0.49179000     508.87551
