2 input files: NON-CRYSTAL or SIMPLE CRYSTAL STRUCTURE ASSUMED
 


Program findframe

Matrices will be read from 2nd input file

Coordinates input is a cif file

parsing (_pdbx_struct_oper_list.)  ntot=16 : Row=1 : data_item=16 : loop=0

parsing (_cell.)  ntot=9 : Row=1 : data_item=9 : loop=0

parsing (_symmetry.)  ntot=5 : Row=1 : data_item=5 : loop=0

parsing (_atom_site.)  ntot=687622 : Row=26447 : data_item=26 : loop=1
3424 CA and/or P coordinates read

coordinate center of mass: 359.472685 -162.381428 85.402195

60 matrices read

 one identity matrix read in 
icosahedral symmetry: I

 Icosahedral asymmetric unit is 3-fold centric
 closest 5-fold will be aligned to the vector  ( 0, 1, phi)
 closest 3-fold will be aligned to ( phi/3, 0, (2*phi+1)/3)

FINDFRAME MAT START
rot:     0.90017776    0.41248886    0.13976032 trans:           -227.80671
rot:     0.26611595   -0.77497223    0.57323673 trans:           -198.56504
rot:     0.34476413   -0.47882250   -0.80738263 trans:            125.10612

rmsd (Angstrom) before fit   0.000409  after fit    0.000310

FINDFRAME MAT FINAL
rot:     0.90017804    0.41248803    0.13976095 trans:           -227.80694
rot:     0.26611480   -0.77497242    0.57323701 trans:           -198.56488
rot:     0.34476428   -0.47882291   -0.80738232 trans:            125.10602


 writing assembly cif records to *findframe.cif*


PROGRAM makeassembly


parsing (_symmetry.)  ntot=5 : Row=1 : data_item=5 : loop=0

parsing (_entry.)  ntot=1 : Row=1 : data_item=1 : loop=0

parsing (_cell.)  ntot=9 : Row=1 : data_item=9 : loop=0
pdb id: 2W0C
a:      946.900000
b:      677.600000
c:      1067.600000
alpha:  90.000000
beta:   102.900000
gamma:  90.000000
s.g.:   'C 1 2 1'

parsing (_struct_asym.)  ntot=135 : Row=27 : data_item=5 : loop=1
number of chains read: 27
chain asym id: A   entity id:  1
chain asym id: B   entity id:  1
chain asym id: C   entity id:  1
chain asym id: D   entity id:  1
chain asym id: E   entity id:  1
chain asym id: F   entity id:  1
chain asym id: G   entity id:  1
chain asym id: H   entity id:  1
chain asym id: I   entity id:  1
chain asym id: J   entity id:  1
chain asym id: K   entity id:  2
chain asym id: L   entity id:  3
chain asym id: M   entity id:  3
chain asym id: N   entity id:  3
chain asym id: O   entity id:  3
chain asym id: P   entity id:  4
chain asym id: Q   entity id:  5
chain asym id: R   entity id:  5
chain asym id: S   entity id:  5
chain asym id: T   entity id:  5
chain asym id: U   entity id:  5
chain asym id: V   entity id:  5
chain asym id: W   entity id:  5
chain asym id: X   entity id:  5
chain asym id: Y   entity id:  5
chain asym id: Z   entity id:  5
chain asym id: AA   entity id:  5
location of space group data: /Users/cathylawson/Programs/pointsuite-next/data/space_group.cif
number of symops read for s.g. 'C 1 2 1':    4

parsing (_pdbx_point_symmetry.)  ntot=2 : Row=1 : data_item=2 : loop=0
the item (_pdbx_point_symmetry.circular_symmetry) is not found
cif table (_pdbx_helical_symmetry.) not found.
 symmetry info (from  makextrans.cif): I

parsing (_pdbx_struct_oper_list.)  ntot=15 : Row=1 : data_item=15 : loop=1
 transform to point or helical frame matrix: 
        0.90017804  0.41248803  0.13976095     -227.8069400
        0.26611480 -0.77497242  0.57323701     -198.5648800
        0.34476428 -0.47882291 -0.80738232      125.1060200
        0.00000000  0.00000000  0.00000000        1.0000000

parsing (_exptl.)  ntot=3 : Row=1 : data_item=3 : loop=0
_exptl.method read from file 2W0C.cif is: X-RAY DIFFRACTION
0 transform to crystal frame matrices (from makextrans.cif)
method is X-RAY DIFFRACTION and no pdb2xtal matrices provided, so assuming X0 = identity


 writing assembly cif records to *assembly.cif*
 writing assembly BIOMT records to *assembly.biomt*
  number of assembly matrices: 60


  1 independent particle(s) in crystal unit cell
 writing ncs cif records to *assembly.ncs*
*************************************************
 PARTICLE  1 
 deposited frame to crystal frame transformation:
 1  1.000000  0.000000  0.000000        0.00000
 1  0.000000  1.000000  0.000000        0.00000
 1  0.000000  0.000000  1.000000        0.00000
 crystal symops contributing to point symmetry:
   1  of   4 crystal symops total
 point operations corresponding to ncs ops:
   1  2  3  4  5  6  7  8  9 10 11 12 13 14 15
  16 17 18 19 20 21 22 23 24 25 26 27 28 29 30
  31 32 33 34 35 36 37 38 39 40 41 42 43 44 45
  46 47 48 49 50 51 52 53 54 55 56 57 58 59 60
  60 of  60 point ops 
closing assembly.cif
 
removing assembly cif categories if present
 
no _pdbx_point_symmetry\. category present
no _pdbx_helical_symmetry\. category present
no loop detected for _pdbx_struct_assembly\.
no loop detected for _pdbx_struct_assembly_gen\.
no loop detected for _pdbx_struct_oper_list\.
