loop_
_pdbx_struct_oper_list.id
_pdbx_struct_oper_list.type
_pdbx_struct_oper_list.name
_pdbx_struct_oper_list.matrix[1][1]
_pdbx_struct_oper_list.matrix[1][2]
_pdbx_struct_oper_list.matrix[1][3]
_pdbx_struct_oper_list.vector[1]
_pdbx_struct_oper_list.matrix[2][1]
_pdbx_struct_oper_list.matrix[2][2]
_pdbx_struct_oper_list.matrix[2][3]
_pdbx_struct_oper_list.vector[2]
_pdbx_struct_oper_list.matrix[3][1]
_pdbx_struct_oper_list.matrix[3][2]
_pdbx_struct_oper_list.matrix[3][3]
_pdbx_struct_oper_list.vector[3]
1 "general operation" . 
    1.00000000    0.00000000    0.00000000       0.00000
   -0.00000000    1.00000000    0.00000000       0.00000
    0.00000000   -0.00000000    1.00000000       0.00000
2 "general operation" . 
    0.30901700   -0.95105700    0.00000000       0.00000
    0.95105700    0.30901700    0.00000000       0.00000
   -0.00000000   -0.00000000    1.00000000       0.00000
3 "general operation" . 
   -0.80901700   -0.58778500    0.00000000       0.00000
    0.58778500   -0.80901700    0.00000000       0.00000
   -0.00000000    0.00000000    1.00000000       0.00000
4 "general operation" . 
   -0.80901700    0.58778500    0.00000000       0.00000
   -0.58778500   -0.80901700    0.00000000       0.00000
    0.00000000    0.00000000    1.00000000       0.00000
5 "general operation" . 
    0.30901700    0.95105700    0.00000000       0.00000
   -0.95105700    0.30901700    0.00000000       0.00000
    0.00000000   -0.00000000    1.00000000       0.00000
6 "general operation" . 
    0.36180300    0.26286500    0.89442800       0.00000
   -0.58778500    0.80901700    0.00000000       0.00000
   -0.72360700   -0.52573100    0.44721300       0.00000
7 "general operation" . 
    0.36180300   -0.26286500    0.89442800       0.00000
    0.58778500    0.80901700    0.00000000       0.00000
   -0.72360700    0.52573100    0.44721300       0.00000
8 "general operation" . 
   -0.13819600   -0.42532500    0.89442800       0.00000
    0.95105700   -0.30901700    0.00000000       0.00000
    0.27639300    0.85065100    0.44721300       0.00000
9 "general operation" . 
   -0.44721300    0.00000000    0.89442800       0.00000
   -0.00000000   -1.00000000    0.00000000       0.00000
    0.89442800   -0.00000000    0.44721300       0.00000
10 "general operation" . 
   -0.13819600    0.42532500    0.89442800       0.00000
   -0.95105700   -0.30901700    0.00000000       0.00000
    0.27639300   -0.85065100    0.44721300       0.00000
11 "general operation" . 
   -0.44721400    0.85065100    0.27639300       0.00000
   -0.52573000    0.00000000   -0.85065100       0.00000
   -0.72360700   -0.52573100    0.44721300       0.00000
12 "general operation" . 
    0.67082000    0.68819100    0.27639300       0.00000
   -0.16245900    0.50000000   -0.85065100       0.00000
   -0.72360700    0.52573100    0.44721300       0.00000
13 "general operation" . 
    0.86180300   -0.42532500    0.27639300       0.00000
    0.42532500    0.30901600   -0.85065100       0.00000
    0.27639300    0.85065100    0.44721300       0.00000
14 "general operation" . 
   -0.13819600   -0.95105700    0.27639300       0.00000
    0.42532500   -0.30901700   -0.85065100       0.00000
    0.89442800   -0.00000000    0.44721300       0.00000
15 "general operation" . 
   -0.94721400   -0.16246000    0.27639300       0.00000
   -0.16246000   -0.49999900   -0.85065100       0.00000
    0.27639300   -0.85065100    0.44721300       0.00000
16 "general operation" . 
   -0.63819600    0.26286600   -0.72360700       0.00000
    0.26286600   -0.80901700   -0.52573100       0.00000
   -0.72360700   -0.52573100    0.44721300       0.00000
17 "general operation" . 
    0.05278700    0.68819100   -0.72360700       0.00000
   -0.68819100   -0.50000000   -0.52573100       0.00000
   -0.72360700    0.52573100    0.44721300       0.00000
18 "general operation" . 
    0.67082000    0.16245900   -0.72360700       0.00000
   -0.68819100    0.50000000   -0.52573100       0.00000
    0.27639300    0.85065100    0.44721300       0.00000
19 "general operation" . 
    0.36180300   -0.58778500   -0.72360700       0.00000
    0.26286500    0.80901700   -0.52573100       0.00000
    0.89442800   -0.00000000    0.44721300       0.00000
20 "general operation" . 
   -0.44721400   -0.52573000   -0.72360700       0.00000
    0.85065100    0.00000000   -0.52573100       0.00000
    0.27639300   -0.85065100    0.44721300       0.00000
21 "general operation" . 
    0.05278700   -0.68819100   -0.72360700       0.00000
    0.68819100   -0.50000000    0.52573100       0.00000
   -0.72360700   -0.52573100    0.44721300       0.00000
22 "general operation" . 
   -0.63819600   -0.26286600   -0.72360700       0.00000
   -0.26286600   -0.80901700    0.52573100       0.00000
   -0.72360700    0.52573100    0.44721300       0.00000
23 "general operation" . 
   -0.44721400    0.52573000   -0.72360700       0.00000
   -0.85065100    0.00000000    0.52573100       0.00000
    0.27639300    0.85065100    0.44721300       0.00000
24 "general operation" . 
    0.36180300    0.58778500   -0.72360700       0.00000
   -0.26286500    0.80901700    0.52573100       0.00000
    0.89442800   -0.00000000    0.44721300       0.00000
25 "general operation" . 
    0.67082000   -0.16245900   -0.72360700       0.00000
    0.68819100    0.50000000    0.52573100       0.00000
    0.27639300   -0.85065100    0.44721300       0.00000
26 "general operation" . 
    0.67082000   -0.68819100    0.27639300       0.00000
    0.16245900    0.50000000    0.85065100       0.00000
   -0.72360700   -0.52573100    0.44721300       0.00000
27 "general operation" . 
   -0.44721400   -0.85065100    0.27639300       0.00000
    0.52573000    0.00000000    0.85065100       0.00000
   -0.72360700    0.52573100    0.44721300       0.00000
28 "general operation" . 
   -0.94721400    0.16246000    0.27639300       0.00000
    0.16246000   -0.49999900    0.85065100       0.00000
    0.27639300    0.85065100    0.44721300       0.00000
29 "general operation" . 
   -0.13819600    0.95105700    0.27639300       0.00000
   -0.42532500   -0.30901700    0.85065100       0.00000
    0.89442800   -0.00000000    0.44721300       0.00000
30 "general operation" . 
    0.86180300    0.42532500    0.27639300       0.00000
   -0.42532500    0.30901600    0.85065100       0.00000
    0.27639300   -0.85065100    0.44721300       0.00000
31 "general operation" . 
   -0.36180300    0.58778500    0.72360700       0.00000
    0.26286500    0.80901700   -0.52573100       0.00000
   -0.89442800    0.00000000   -0.44721300       0.00000
32 "general operation" . 
    0.44721400    0.52573000    0.72360700       0.00000
    0.85065100    0.00000000   -0.52573100       0.00000
   -0.27639300    0.85065100   -0.44721300       0.00000
33 "general operation" . 
    0.63819600   -0.26286600    0.72360700       0.00000
    0.26286600   -0.80901700   -0.52573100       0.00000
    0.72360700    0.52573100   -0.44721300       0.00000
34 "general operation" . 
   -0.05278700   -0.68819100    0.72360700       0.00000
   -0.68819100   -0.50000000   -0.52573100       0.00000
    0.72360700   -0.52573100   -0.44721300       0.00000
35 "general operation" . 
   -0.67082000   -0.16245900    0.72360700       0.00000
   -0.68819100    0.50000000   -0.52573100       0.00000
   -0.27639300   -0.85065100   -0.44721300       0.00000
36 "general operation" . 
    0.13819600    0.95105700   -0.27639300       0.00000
    0.42532500   -0.30901700   -0.85065100       0.00000
   -0.89442800    0.00000000   -0.44721300       0.00000
37 "general operation" . 
    0.94721400    0.16246000   -0.27639300       0.00000
   -0.16246000   -0.49999900   -0.85065100       0.00000
   -0.27639300    0.85065100   -0.44721300       0.00000
38 "general operation" . 
    0.44721400   -0.85065100   -0.27639300       0.00000
   -0.52573000    0.00000000   -0.85065100       0.00000
    0.72360700    0.52573100   -0.44721300       0.00000
39 "general operation" . 
   -0.67082000   -0.68819100   -0.27639300       0.00000
   -0.16245900    0.50000000   -0.85065100       0.00000
    0.72360700   -0.52573100   -0.44721300       0.00000
40 "general operation" . 
   -0.86180300    0.42532500   -0.27639300       0.00000
    0.42532500    0.30901600   -0.85065100       0.00000
   -0.27639300   -0.85065100   -0.44721300       0.00000
41 "general operation" . 
    0.44721300    0.00000000   -0.89442800       0.00000
   -0.00000000   -1.00000000   -0.00000000       0.00000
   -0.89442800    0.00000000   -0.44721300       0.00000
42 "general operation" . 
    0.13819600   -0.42532500   -0.89442800       0.00000
   -0.95105700   -0.30901700   -0.00000000       0.00000
   -0.27639300    0.85065100   -0.44721300       0.00000
43 "general operation" . 
   -0.36180300   -0.26286500   -0.89442800       0.00000
   -0.58778500    0.80901700   -0.00000000       0.00000
    0.72360700    0.52573100   -0.44721300       0.00000
44 "general operation" . 
   -0.36180300    0.26286500   -0.89442800       0.00000
    0.58778500    0.80901700   -0.00000000       0.00000
    0.72360700   -0.52573100   -0.44721300       0.00000
45 "general operation" . 
    0.13819600    0.42532500   -0.89442800       0.00000
    0.95105700   -0.30901700   -0.00000000       0.00000
   -0.27639300   -0.85065100   -0.44721300       0.00000
46 "general operation" . 
    0.13819600   -0.95105700   -0.27639300       0.00000
   -0.42532500   -0.30901700    0.85065100       0.00000
   -0.89442800    0.00000000   -0.44721300       0.00000
47 "general operation" . 
   -0.86180300   -0.42532500   -0.27639300       0.00000
   -0.42532500    0.30901600    0.85065100       0.00000
   -0.27639300    0.85065100   -0.44721300       0.00000
48 "general operation" . 
   -0.67082000    0.68819100   -0.27639300       0.00000
    0.16245900    0.50000000    0.85065100       0.00000
    0.72360700    0.52573100   -0.44721300       0.00000
49 "general operation" . 
    0.44721400    0.85065100   -0.27639300       0.00000
    0.52573000    0.00000000    0.85065100       0.00000
    0.72360700   -0.52573100   -0.44721300       0.00000
50 "general operation" . 
    0.94721400   -0.16246000   -0.27639300       0.00000
    0.16246000   -0.49999900    0.85065100       0.00000
   -0.27639300   -0.85065100   -0.44721300       0.00000
51 "general operation" . 
   -0.36180300   -0.58778500    0.72360700       0.00000
   -0.26286500    0.80901700    0.52573100       0.00000
   -0.89442800    0.00000000   -0.44721300       0.00000
52 "general operation" . 
   -0.67082000    0.16245900    0.72360700       0.00000
    0.68819100    0.50000000    0.52573100       0.00000
   -0.27639300    0.85065100   -0.44721300       0.00000
53 "general operation" . 
   -0.05278700    0.68819100    0.72360700       0.00000
    0.68819100   -0.50000000    0.52573100       0.00000
    0.72360700    0.52573100   -0.44721300       0.00000
54 "general operation" . 
    0.63819600    0.26286600    0.72360700       0.00000
   -0.26286600   -0.80901700    0.52573100       0.00000
    0.72360700   -0.52573100   -0.44721300       0.00000
55 "general operation" . 
    0.44721400   -0.52573000    0.72360700       0.00000
   -0.85065100    0.00000000    0.52573100       0.00000
   -0.27639300   -0.85065100   -0.44721300       0.00000
56 "general operation" . 
   -1.00000000    0.00000000    0.00000000       0.00000
    0.00000000    1.00000000    0.00000000       0.00000
    0.00000000    0.00000000   -1.00000000       0.00000
57 "general operation" . 
   -0.30901700    0.95105700    0.00000000       0.00000
    0.95105700    0.30901700    0.00000000       0.00000
    0.00000000    0.00000000   -1.00000000       0.00000
58 "general operation" . 
    0.80901700    0.58778500    0.00000000       0.00000
    0.58778500   -0.80901700    0.00000000       0.00000
    0.00000000   -0.00000000   -1.00000000       0.00000
59 "general operation" . 
    0.80901700   -0.58778500    0.00000000       0.00000
   -0.58778500   -0.80901700    0.00000000       0.00000
   -0.00000000   -0.00000000   -1.00000000       0.00000
60 "general operation" . 
   -0.30901700   -0.95105700    0.00000000       0.00000
   -0.95105700    0.30901700    0.00000000       0.00000
   -0.00000000    0.00000000   -1.00000000       0.00000
