2 input files: NON-CRYSTAL or SIMPLE CRYSTAL STRUCTURE ASSUMED
 


Program findframe

Matrices will be read from 2nd input file

Coordinates input is a cif file

parsing (_pdbx_struct_oper_list.)  ntot=16 : Row=1 : data_item=16 : loop=0

parsing (_cell.)  ntot=9 : Row=1 : data_item=9 : loop=0

parsing (_symmetry.)  ntot=5 : Row=1 : data_item=5 : loop=0

parsing (_atom_site.)  ntot=66066 : Row=2541 : data_item=26 : loop=1
2541 CA and/or P coordinates read

coordinate center of mass: -87.453013 -39.140104 -256.943511

60 matrices read

 one identity matrix read in 
icosahedral symmetry: I

 Icosahedral asymmetric unit is 3-fold centric
 closest 5-fold will be aligned to the vector  ( 0, 1, phi)
 closest 3-fold will be aligned to ( phi/3, 0, (2*phi+1)/3)

FINDFRAME MAT START
rot:    -0.95105672    0.30901636    0.00000000 trans:              0.00000
rot:     0.26286501    0.80901717   -0.52573111 trans:              0.00000
rot:    -0.16245951   -0.50000011   -0.85065081 trans:              0.00000

rmsd (Angstrom) before fit   0.000249  after fit    0.000198

FINDFRAME MAT FINAL
rot:    -0.95105652    0.30901699    0.00000000 trans:              0.00000
rot:     0.26286556    0.80901699   -0.52573111 trans:              0.00000
rot:    -0.16245984   -0.50000000   -0.85065081 trans:              0.00000


 writing assembly cif records to *findframe.cif*


PROGRAM makeassembly


parsing (_symmetry.)  ntot=5 : Row=1 : data_item=5 : loop=0

parsing (_entry.)  ntot=1 : Row=1 : data_item=1 : loop=0

parsing (_cell.)  ntot=9 : Row=1 : data_item=9 : loop=0
pdb id: 2XD8
a:      673.920000
b:      673.920000
c:      673.920000
alpha:  90.000000
beta:   90.000000
gamma:  90.000000
s.g.:   'P 1'

parsing (_struct_asym.)  ntot=35 : Row=7 : data_item=5 : loop=1
number of chains read: 7
chain asym id: A   entity id:  1
chain asym id: B   entity id:  1
chain asym id: C   entity id:  1
chain asym id: D   entity id:  1
chain asym id: E   entity id:  1
chain asym id: F   entity id:  1
chain asym id: G   entity id:  1
location of space group data: /Users/cathylawson/Programs/pointsuite-next/data/space_group.cif
number of symops read for s.g. 'P 1':    1

parsing (_pdbx_point_symmetry.)  ntot=2 : Row=1 : data_item=2 : loop=0
the item (_pdbx_point_symmetry.circular_symmetry) is not found
cif table (_pdbx_helical_symmetry.) not found.
 symmetry info (from  makextrans.cif): I

parsing (_pdbx_struct_oper_list.)  ntot=15 : Row=1 : data_item=15 : loop=1
 transform to point or helical frame matrix: 
       -0.95105652  0.30901699  0.00000000        0.0000000
        0.26286556  0.80901699 -0.52573111        0.0000000
       -0.16245984 -0.50000000 -0.85065081        0.0000000
        0.00000000  0.00000000  0.00000000        1.0000000

parsing (_exptl.)  ntot=3 : Row=1 : data_item=3 : loop=0
_exptl.method read from file 2XD8.cif is: ELECTRON MICROSCOPY
0 transform to crystal frame matrices (from makextrans.cif)


 writing assembly cif records to *assembly.cif*
 writing assembly BIOMT records to *assembly.biomt*
  number of assembly matrices: 60


closing assembly.cif
 
removing assembly cif categories if present
 
no _pdbx_point_symmetry\. category present
no _pdbx_helical_symmetry\. category present
no loop detected for _pdbx_struct_assembly\.
no loop detected for _pdbx_struct_assembly_gen\.
no loop detected for _pdbx_struct_oper_list\.
