REMARK 350         BIOMT IN DEPOSITED FRAME  FOR PDBID 1ifd
REMARK 350   BIOMT1   1 -0.970926 -0.239381  0.000000        0.00000
REMARK 350   BIOMT2   1  0.239381 -0.970926  0.000000        0.00000
REMARK 350   BIOMT3   1  0.000000  0.000000  1.000000      -80.00000
REMARK 350   BIOMT1   2 -0.527697  0.849433  0.000000        0.00000
REMARK 350   BIOMT2   2 -0.849433 -0.527697  0.000000        0.00000
REMARK 350   BIOMT3   2  0.000000  0.000000  1.000000      -80.00000
REMARK 350   BIOMT1   3  0.644791  0.764359  0.000000        0.00000
REMARK 350   BIOMT2   3 -0.764359  0.644791  0.000000        0.00000
REMARK 350   BIOMT3   3  0.000000  0.000000  1.000000      -80.00000
REMARK 350   BIOMT1   4  0.926200 -0.377033  0.000000        0.00000
REMARK 350   BIOMT2   4  0.377033  0.926200  0.000000        0.00000
REMARK 350   BIOMT3   4  0.000000  0.000000  1.000000      -80.00000
REMARK 350   BIOMT1   5 -0.072368 -0.997378  0.000000        0.00000
REMARK 350   BIOMT2   5  0.997378 -0.072368  0.000000        0.00000
REMARK 350   BIOMT3   5  0.000000  0.000000  1.000000      -80.00000
REMARK 350   BIOMT1   6 -0.680977 -0.732305  0.000000        0.00000
REMARK 350   BIOMT2   6  0.732305 -0.680977  0.000000        0.00000
REMARK 350   BIOMT3   6  0.000000  0.000000  1.000000      -64.00000
REMARK 350   BIOMT1   7 -0.906897  0.421352  0.000000        0.00000
REMARK 350   BIOMT2   7 -0.421352 -0.906897  0.000000        0.00000
REMARK 350   BIOMT3   7  0.000000  0.000000  1.000000      -64.00000
REMARK 350   BIOMT1   8  0.120483  0.992715  0.000000        0.00000
REMARK 350   BIOMT2   8 -0.992715  0.120483  0.000000        0.00000
REMARK 350   BIOMT3   8  0.000000  0.000000  1.000000      -64.00000
REMARK 350   BIOMT1   9  0.981360  0.192179  0.000000        0.00000
REMARK 350   BIOMT2   9 -0.192179  0.981360  0.000000        0.00000
REMARK 350   BIOMT3   9  0.000000  0.000000  1.000000      -64.00000
REMARK 350   BIOMT1  10  0.486030 -0.873942  0.000000        0.00000
REMARK 350   BIOMT2  10  0.873942  0.486030  0.000000        0.00000
REMARK 350   BIOMT3  10  0.000000  0.000000  1.000000      -64.00000
REMARK 350   BIOMT1  11 -0.168317 -0.985733  0.000000        0.00000
REMARK 350   BIOMT2  11  0.985733 -0.168317  0.000000        0.00000
REMARK 350   BIOMT3  11  0.000000  0.000000  1.000000      -48.00000
REMARK 350   BIOMT1  12 -0.989501 -0.144529  0.000000        0.00000
REMARK 350   BIOMT2  12  0.144529 -0.989501  0.000000        0.00000
REMARK 350   BIOMT3  12  0.000000  0.000000  1.000000      -48.00000
REMARK 350   BIOMT1  13 -0.443228  0.896409  0.000000        0.00000
REMARK 350   BIOMT2  13 -0.896409 -0.443228  0.000000        0.00000
REMARK 350   BIOMT3  13  0.000000  0.000000  1.000000      -48.00000
REMARK 350   BIOMT1  14  0.715571  0.698540  0.000000        0.00000
REMARK 350   BIOMT2  14 -0.698540  0.715571  0.000000        0.00000
REMARK 350   BIOMT3  14  0.000000  0.000000  1.000000      -48.00000
REMARK 350   BIOMT1  15  0.885475 -0.464688  0.000000        0.00000
REMARK 350   BIOMT2  15  0.464688  0.885475  0.000000        0.00000
REMARK 350   BIOMT3  15  0.000000  0.000000  1.000000      -48.00000
REMARK 350   BIOMT1  16  0.399389 -0.916781  0.000000        0.00000
REMARK 350   BIOMT2  16  0.916781  0.399389  0.000000        0.00000
REMARK 350   BIOMT3  16  0.000000  0.000000  1.000000      -32.00000
REMARK 350   BIOMT1  17 -0.748493 -0.663143  0.000000        0.00000
REMARK 350   BIOMT2  17  0.663143 -0.748493  0.000000        0.00000
REMARK 350   BIOMT3  17  0.000000  0.000000  1.000000      -32.00000
REMARK 350   BIOMT1  18 -0.861983  0.506937  0.000000        0.00000
REMARK 350   BIOMT2  18 -0.506937 -0.861983  0.000000        0.00000
REMARK 350   BIOMT3  18  0.000000  0.000000  1.000000      -32.00000
REMARK 350   BIOMT1  19  0.215758  0.976447  0.000000        0.00000
REMARK 350   BIOMT2  19 -0.976447  0.215758  0.000000        0.00000
REMARK 350   BIOMT3  19  0.000000  0.000000  1.000000      -32.00000
REMARK 350   BIOMT1  20  0.995329  0.096541  0.000000        0.00000
REMARK 350   BIOMT2  20 -0.096541  0.995329  0.000000        0.00000
REMARK 350   BIOMT3  20  0.000000  0.000000  1.000000      -32.00000
REMARK 350   BIOMT1  21  0.836477 -0.548001  0.000000        0.00000
REMARK 350   BIOMT2  21  0.548001  0.836477  0.000000        0.00000
REMARK 350   BIOMT3  21  0.000000  0.000000  1.000000      -16.00000
REMARK 350   BIOMT1  22 -0.262694 -0.964879  0.000000        0.00000
REMARK 350   BIOMT2  22  0.964879 -0.262694  0.000000        0.00000
REMARK 350   BIOMT3  22  0.000000  0.000000  1.000000      -16.00000
REMARK 350   BIOMT1  23 -0.998832 -0.048327  0.000000        0.00000
REMARK 350   BIOMT2  23  0.048327 -0.998832  0.000000        0.00000
REMARK 350   BIOMT3  23  0.000000  0.000000  1.000000      -16.00000
REMARK 350   BIOMT1  24 -0.354617  0.935011  0.000000        0.00000
REMARK 350   BIOMT2  24 -0.935011 -0.354617  0.000000        0.00000
REMARK 350   BIOMT3  24  0.000000  0.000000  1.000000      -16.00000
REMARK 350   BIOMT1  25  0.779666  0.626196  0.000000        0.00000
REMARK 350   BIOMT2  25 -0.626196  0.779666  0.000000        0.00000
REMARK 350   BIOMT3  25  0.000000  0.000000  1.000000      -16.00000
REMARK 350   BIOMT1  26  1.000000 -0.000000  0.000000        0.00000
REMARK 350   BIOMT2  26  0.000000  1.000000  0.000000        0.00000
REMARK 350   BIOMT3  26  0.000000  0.000000  1.000000        0.00000
REMARK 350   BIOMT1  27  0.309017 -0.951057  0.000000        0.00000
REMARK 350   BIOMT2  27  0.951057  0.309017  0.000000        0.00000
REMARK 350   BIOMT3  27  0.000000  0.000000  1.000000        0.00000
REMARK 350   BIOMT1  28 -0.809017 -0.587785  0.000000        0.00000
REMARK 350   BIOMT2  28  0.587785 -0.809017  0.000000        0.00000
REMARK 350   BIOMT3  28  0.000000  0.000000  1.000000        0.00000
REMARK 350   BIOMT1  29 -0.809017  0.587785  0.000000        0.00000
REMARK 350   BIOMT2  29 -0.587785 -0.809017  0.000000        0.00000
REMARK 350   BIOMT3  29  0.000000  0.000000  1.000000        0.00000
REMARK 350   BIOMT1  30  0.309017  0.951057  0.000000        0.00000
REMARK 350   BIOMT2  30 -0.951057  0.309017  0.000000        0.00000
REMARK 350   BIOMT3  30  0.000000  0.000000  1.000000        0.00000
REMARK 350   BIOMT1  31  0.836477  0.548001  0.000000        0.00000
REMARK 350   BIOMT2  31 -0.548001  0.836477  0.000000        0.00000
REMARK 350   BIOMT3  31  0.000000  0.000000  1.000000       16.00000
REMARK 350   BIOMT1  32  0.779666 -0.626196  0.000000        0.00000
REMARK 350   BIOMT2  32  0.626196  0.779666  0.000000        0.00000
REMARK 350   BIOMT3  32  0.000000  0.000000  1.000000       16.00000
REMARK 350   BIOMT1  33 -0.354617 -0.935011  0.000000        0.00000
REMARK 350   BIOMT2  33  0.935011 -0.354617  0.000000        0.00000
REMARK 350   BIOMT3  33  0.000000  0.000000  1.000000       16.00000
REMARK 350   BIOMT1  34 -0.998832  0.048327  0.000000        0.00000
REMARK 350   BIOMT2  34 -0.048327 -0.998832  0.000000        0.00000
REMARK 350   BIOMT3  34  0.000000  0.000000  1.000000       16.00000
REMARK 350   BIOMT1  35 -0.262694  0.964879  0.000000        0.00000
REMARK 350   BIOMT2  35 -0.964879 -0.262694  0.000000        0.00000
REMARK 350   BIOMT3  35  0.000000  0.000000  1.000000       16.00000
REMARK 350   BIOMT1  36  0.399389  0.916781  0.000000        0.00000
REMARK 350   BIOMT2  36 -0.916781  0.399389  0.000000        0.00000
REMARK 350   BIOMT3  36  0.000000  0.000000  1.000000       32.00000
REMARK 350   BIOMT1  37  0.995329 -0.096541  0.000000        0.00000
REMARK 350   BIOMT2  37  0.096541  0.995329  0.000000        0.00000
REMARK 350   BIOMT3  37  0.000000  0.000000  1.000000       32.00000
REMARK 350   BIOMT1  38  0.215758 -0.976447  0.000000        0.00000
REMARK 350   BIOMT2  38  0.976447  0.215758  0.000000        0.00000
REMARK 350   BIOMT3  38  0.000000  0.000000  1.000000       32.00000
REMARK 350   BIOMT1  39 -0.861983 -0.506937  0.000000        0.00000
REMARK 350   BIOMT2  39  0.506937 -0.861983  0.000000        0.00000
REMARK 350   BIOMT3  39  0.000000  0.000000  1.000000       32.00000
REMARK 350   BIOMT1  40 -0.748493  0.663143  0.000000        0.00000
REMARK 350   BIOMT2  40 -0.663143 -0.748493  0.000000        0.00000
REMARK 350   BIOMT3  40  0.000000  0.000000  1.000000       32.00000
REMARK 350   BIOMT1  41 -0.168317  0.985733  0.000000        0.00000
REMARK 350   BIOMT2  41 -0.985733 -0.168317  0.000000        0.00000
REMARK 350   BIOMT3  41  0.000000  0.000000  1.000000       48.00000
REMARK 350   BIOMT1  42  0.885475  0.464688  0.000000        0.00000
REMARK 350   BIOMT2  42 -0.464688  0.885475  0.000000        0.00000
REMARK 350   BIOMT3  42  0.000000  0.000000  1.000000       48.00000
REMARK 350   BIOMT1  43  0.715571 -0.698540  0.000000        0.00000
REMARK 350   BIOMT2  43  0.698540  0.715571  0.000000        0.00000
REMARK 350   BIOMT3  43  0.000000  0.000000  1.000000       48.00000
REMARK 350   BIOMT1  44 -0.443228 -0.896409  0.000000        0.00000
REMARK 350   BIOMT2  44  0.896409 -0.443228  0.000000        0.00000
REMARK 350   BIOMT3  44  0.000000  0.000000  1.000000       48.00000
REMARK 350   BIOMT1  45 -0.989501  0.144529  0.000000        0.00000
REMARK 350   BIOMT2  45 -0.144529 -0.989501  0.000000        0.00000
REMARK 350   BIOMT3  45  0.000000  0.000000  1.000000       48.00000
REMARK 350   BIOMT1  46 -0.680977  0.732305  0.000000        0.00000
REMARK 350   BIOMT2  46 -0.732305 -0.680977  0.000000        0.00000
REMARK 350   BIOMT3  46  0.000000  0.000000  1.000000       64.00000
REMARK 350   BIOMT1  47  0.486030  0.873942  0.000000        0.00000
REMARK 350   BIOMT2  47 -0.873942  0.486030  0.000000        0.00000
REMARK 350   BIOMT3  47  0.000000  0.000000  1.000000       64.00000
REMARK 350   BIOMT1  48  0.981360 -0.192179  0.000000        0.00000
REMARK 350   BIOMT2  48  0.192179  0.981360  0.000000        0.00000
REMARK 350   BIOMT3  48  0.000000  0.000000  1.000000       64.00000
REMARK 350   BIOMT1  49  0.120483 -0.992715  0.000000        0.00000
REMARK 350   BIOMT2  49  0.992715  0.120483  0.000000        0.00000
REMARK 350   BIOMT3  49  0.000000  0.000000  1.000000       64.00000
REMARK 350   BIOMT1  50 -0.906897 -0.421352  0.000000        0.00000
REMARK 350   BIOMT2  50  0.421352 -0.906897  0.000000        0.00000
REMARK 350   BIOMT3  50  0.000000  0.000000  1.000000       64.00000
REMARK 350   BIOMT1  51 -0.970926  0.239381  0.000000        0.00000
REMARK 350   BIOMT2  51 -0.239381 -0.970926  0.000000        0.00000
REMARK 350   BIOMT3  51  0.000000  0.000000  1.000000       80.00000
REMARK 350   BIOMT1  52 -0.072368  0.997378  0.000000        0.00000
REMARK 350   BIOMT2  52 -0.997378 -0.072368  0.000000        0.00000
REMARK 350   BIOMT3  52  0.000000  0.000000  1.000000       80.00000
REMARK 350   BIOMT1  53  0.926200  0.377033  0.000000        0.00000
REMARK 350   BIOMT2  53 -0.377033  0.926200  0.000000        0.00000
REMARK 350   BIOMT3  53  0.000000  0.000000  1.000000       80.00000
REMARK 350   BIOMT1  54  0.644791 -0.764359  0.000000        0.00000
REMARK 350   BIOMT2  54  0.764359  0.644791  0.000000        0.00000
REMARK 350   BIOMT3  54  0.000000  0.000000  1.000000       80.00000
REMARK 350   BIOMT1  55 -0.527697 -0.849433  0.000000        0.00000
REMARK 350   BIOMT2  55  0.849433 -0.527697  0.000000        0.00000
REMARK 350   BIOMT3  55  0.000000  0.000000  1.000000       80.00000
