#
_pdbx_helical_symmetry.entry_id                    1IFD
_pdbx_helical_symmetry.number_of_operations        55
_pdbx_helical_symmetry.rotation_per_n_subunits     -33.230000
_pdbx_helical_symmetry.rise_per_n_subunits         16.000000
_pdbx_helical_symmetry.n_subunits_divisor          1
_pdbx_helical_symmetry.dyad_axis                   no
_pdbx_helical_symmetry.circular_symmetry           5
#
loop_
_pdbx_struct_oper_list.id
_pdbx_struct_oper_list.type 
_pdbx_struct_oper_list.matrix[1][1]
_pdbx_struct_oper_list.matrix[1][2]
_pdbx_struct_oper_list.matrix[1][3]
_pdbx_struct_oper_list.vector[1]
_pdbx_struct_oper_list.matrix[2][1]
_pdbx_struct_oper_list.matrix[2][2]
_pdbx_struct_oper_list.matrix[2][3] 
_pdbx_struct_oper_list.vector[2]
_pdbx_struct_oper_list.matrix[3][1]
_pdbx_struct_oper_list.matrix[3][2] 
_pdbx_struct_oper_list.matrix[3][3]
_pdbx_struct_oper_list.vector[3]
   H       'transform to helical frame'
        1.00000000    0.00000000    0.00000000             0.00000
        0.00000000    1.00000000    0.00000000             0.00000
        0.00000000    0.00000000    1.00000000             0.00000
   1   'helical symmetry operation'
       -0.97092575   -0.23938084    0.00000000             0.00000
        0.23938084   -0.97092575    0.00000000             0.00000
        0.00000000    0.00000000    1.00000000           -80.00000
   2   'helical symmetry operation'
       -0.52769727    0.84943251    0.00000000             0.00000
       -0.84943251   -0.52769727    0.00000000             0.00000
        0.00000000    0.00000000    1.00000000           -80.00000
   3   'helical symmetry operation'
        0.64479090    0.76435901    0.00000000             0.00000
       -0.76435901    0.64479090    0.00000000             0.00000
        0.00000000    0.00000000    1.00000000           -80.00000
   4   'helical symmetry operation'
        0.92619996   -0.37703267    0.00000000             0.00000
        0.37703267    0.92619996    0.00000000             0.00000
        0.00000000    0.00000000    1.00000000           -80.00000
   5   'helical symmetry operation'
       -0.07236785   -0.99737801    0.00000000             0.00000
        0.99737801   -0.07236785    0.00000000             0.00000
        0.00000000    0.00000000    1.00000000           -80.00000
   6   'helical symmetry operation'
       -0.68097653   -0.73230524    0.00000000             0.00000
        0.73230524   -0.68097653    0.00000000             0.00000
        0.00000000    0.00000000    1.00000000           -64.00000
   7   'helical symmetry operation'
       -0.90689699    0.42135241    0.00000000             0.00000
       -0.42135241   -0.90689699    0.00000000             0.00000
        0.00000000    0.00000000    1.00000000           -64.00000
   8   'helical symmetry operation'
        0.12048337    0.99271535    0.00000000             0.00000
       -0.99271535    0.12048337    0.00000000             0.00000
        0.00000000    0.00000000    1.00000000           -64.00000
   9   'helical symmetry operation'
        0.98135981    0.19217942    0.00000000             0.00000
       -0.19217942    0.98135981    0.00000000             0.00000
        0.00000000    0.00000000    1.00000000           -64.00000
  10   'helical symmetry operation'
        0.48603035   -0.87394193    0.00000000             0.00000
        0.87394193    0.48603035    0.00000000             0.00000
        0.00000000    0.00000000    1.00000000           -64.00000
  11   'helical symmetry operation'
       -0.16831734   -0.98573286    0.00000000             0.00000
        0.98573286   -0.16831734    0.00000000             0.00000
        0.00000000    0.00000000    1.00000000           -48.00000
  12   'helical symmetry operation'
       -0.98950058   -0.14452890    0.00000000             0.00000
        0.14452890   -0.98950058    0.00000000             0.00000
        0.00000000    0.00000000    1.00000000           -48.00000
  13   'helical symmetry operation'
       -0.44322765    0.89640909    0.00000000             0.00000
       -0.89640909   -0.44322765    0.00000000             0.00000
        0.00000000    0.00000000    1.00000000           -48.00000
  14   'helical symmetry operation'
        0.71557083    0.69854019    0.00000000             0.00000
       -0.69854019    0.71557083    0.00000000             0.00000
        0.00000000    0.00000000    1.00000000           -48.00000
  15   'helical symmetry operation'
        0.88547474   -0.46468751    0.00000000             0.00000
        0.46468751    0.88547474    0.00000000             0.00000
        0.00000000    0.00000000    1.00000000           -48.00000
  16   'helical symmetry operation'
        0.39938920   -0.91678147    0.00000000             0.00000
        0.91678147    0.39938920    0.00000000             0.00000
        0.00000000    0.00000000    1.00000000           -32.00000
  17   'helical symmetry operation'
       -0.74849294   -0.66314276    0.00000000             0.00000
        0.66314276   -0.74849294    0.00000000             0.00000
        0.00000000    0.00000000    1.00000000           -32.00000
  18   'helical symmetry operation'
       -0.86198328    0.50693671    0.00000000             0.00000
       -0.50693671   -0.86198328    0.00000000             0.00000
        0.00000000    0.00000000    1.00000000           -32.00000
  19   'helical symmetry operation'
        0.21575798    0.97644687    0.00000000             0.00000
       -0.97644687    0.21575798    0.00000000             0.00000
        0.00000000    0.00000000    1.00000000           -32.00000
  20   'helical symmetry operation'
        0.99532904    0.09654065    0.00000000             0.00000
       -0.09654065    0.99532904    0.00000000             0.00000
        0.00000000    0.00000000    1.00000000           -32.00000
  21   'helical symmetry operation'
        0.83647750   -0.54800128    0.00000000             0.00000
        0.54800128    0.83647750    0.00000000             0.00000
        0.00000000    0.00000000    1.00000000           -16.00000
  22   'helical symmetry operation'
       -0.26269442   -0.96487908    0.00000000             0.00000
        0.96487908   -0.26269442    0.00000000             0.00000
        0.00000000    0.00000000    1.00000000           -16.00000
  23   'helical symmetry operation'
       -0.99883158   -0.04832679    0.00000000             0.00000
        0.04832679   -0.99883158    0.00000000             0.00000
        0.00000000    0.00000000    1.00000000           -16.00000
  24   'helical symmetry operation'
       -0.35461744    0.93501148    0.00000000             0.00000
       -0.93501148   -0.35461744    0.00000000             0.00000
        0.00000000    0.00000000    1.00000000           -16.00000
  25   'helical symmetry operation'
        0.77966595    0.62619567    0.00000000             0.00000
       -0.62619567    0.77966595    0.00000000             0.00000
        0.00000000    0.00000000    1.00000000           -16.00000
  26   'helical symmetry operation'
        1.00000000    0.00000000    0.00000000             0.00000
        0.00000000    1.00000000    0.00000000             0.00000
        0.00000000    0.00000000    1.00000000             0.00000
  27   'helical symmetry operation'
        0.30901699   -0.95105652    0.00000000             0.00000
        0.95105652    0.30901699    0.00000000             0.00000
        0.00000000    0.00000000    1.00000000             0.00000
  28   'helical symmetry operation'
       -0.80901699   -0.58778525    0.00000000             0.00000
        0.58778525   -0.80901699    0.00000000             0.00000
        0.00000000    0.00000000    1.00000000             0.00000
  29   'helical symmetry operation'
       -0.80901699    0.58778525    0.00000000             0.00000
       -0.58778525   -0.80901699    0.00000000             0.00000
        0.00000000    0.00000000    1.00000000             0.00000
  30   'helical symmetry operation'
        0.30901699    0.95105652    0.00000000             0.00000
       -0.95105652    0.30901699    0.00000000             0.00000
        0.00000000    0.00000000    1.00000000             0.00000
  31   'helical symmetry operation'
        0.83647750    0.54800128    0.00000000             0.00000
       -0.54800128    0.83647750    0.00000000             0.00000
        0.00000000    0.00000000    1.00000000            16.00000
  32   'helical symmetry operation'
        0.77966595   -0.62619567    0.00000000             0.00000
        0.62619567    0.77966595    0.00000000             0.00000
        0.00000000    0.00000000    1.00000000            16.00000
  33   'helical symmetry operation'
       -0.35461744   -0.93501148    0.00000000             0.00000
        0.93501148   -0.35461744    0.00000000             0.00000
        0.00000000    0.00000000    1.00000000            16.00000
  34   'helical symmetry operation'
       -0.99883158    0.04832679    0.00000000             0.00000
       -0.04832679   -0.99883158    0.00000000             0.00000
        0.00000000    0.00000000    1.00000000            16.00000
  35   'helical symmetry operation'
       -0.26269442    0.96487908    0.00000000             0.00000
       -0.96487908   -0.26269442    0.00000000             0.00000
        0.00000000    0.00000000    1.00000000            16.00000
  36   'helical symmetry operation'
        0.39938920    0.91678147    0.00000000             0.00000
       -0.91678147    0.39938920    0.00000000             0.00000
        0.00000000    0.00000000    1.00000000            32.00000
  37   'helical symmetry operation'
        0.99532904   -0.09654065    0.00000000             0.00000
        0.09654065    0.99532904    0.00000000             0.00000
        0.00000000    0.00000000    1.00000000            32.00000
  38   'helical symmetry operation'
        0.21575798   -0.97644687    0.00000000             0.00000
        0.97644687    0.21575798    0.00000000             0.00000
        0.00000000    0.00000000    1.00000000            32.00000
  39   'helical symmetry operation'
       -0.86198328   -0.50693671    0.00000000             0.00000
        0.50693671   -0.86198328    0.00000000             0.00000
        0.00000000    0.00000000    1.00000000            32.00000
  40   'helical symmetry operation'
       -0.74849294    0.66314276    0.00000000             0.00000
       -0.66314276   -0.74849294    0.00000000             0.00000
        0.00000000    0.00000000    1.00000000            32.00000
  41   'helical symmetry operation'
       -0.16831734    0.98573286    0.00000000             0.00000
       -0.98573286   -0.16831734    0.00000000             0.00000
        0.00000000    0.00000000    1.00000000            48.00000
  42   'helical symmetry operation'
        0.88547474    0.46468751    0.00000000             0.00000
       -0.46468751    0.88547474    0.00000000             0.00000
        0.00000000    0.00000000    1.00000000            48.00000
  43   'helical symmetry operation'
        0.71557083   -0.69854019    0.00000000             0.00000
        0.69854019    0.71557083    0.00000000             0.00000
        0.00000000    0.00000000    1.00000000            48.00000
  44   'helical symmetry operation'
       -0.44322765   -0.89640909    0.00000000             0.00000
        0.89640909   -0.44322765    0.00000000             0.00000
        0.00000000    0.00000000    1.00000000            48.00000
  45   'helical symmetry operation'
       -0.98950058    0.14452890    0.00000000             0.00000
       -0.14452890   -0.98950058    0.00000000             0.00000
        0.00000000    0.00000000    1.00000000            48.00000
  46   'helical symmetry operation'
       -0.68097653    0.73230524    0.00000000             0.00000
       -0.73230524   -0.68097653    0.00000000             0.00000
        0.00000000    0.00000000    1.00000000            64.00000
  47   'helical symmetry operation'
        0.48603035    0.87394193    0.00000000             0.00000
       -0.87394193    0.48603035    0.00000000             0.00000
        0.00000000    0.00000000    1.00000000            64.00000
  48   'helical symmetry operation'
        0.98135981   -0.19217942    0.00000000             0.00000
        0.19217942    0.98135981    0.00000000             0.00000
        0.00000000    0.00000000    1.00000000            64.00000
  49   'helical symmetry operation'
        0.12048337   -0.99271535    0.00000000             0.00000
        0.99271535    0.12048337    0.00000000             0.00000
        0.00000000    0.00000000    1.00000000            64.00000
  50   'helical symmetry operation'
       -0.90689699   -0.42135241    0.00000000             0.00000
        0.42135241   -0.90689699    0.00000000             0.00000
        0.00000000    0.00000000    1.00000000            64.00000
  51   'helical symmetry operation'
       -0.97092575    0.23938084    0.00000000             0.00000
       -0.23938084   -0.97092575    0.00000000             0.00000
        0.00000000    0.00000000    1.00000000            80.00000
  52   'helical symmetry operation'
       -0.07236785    0.99737801    0.00000000             0.00000
       -0.99737801   -0.07236785    0.00000000             0.00000
        0.00000000    0.00000000    1.00000000            80.00000
  53   'helical symmetry operation'
        0.92619996    0.37703267    0.00000000             0.00000
       -0.37703267    0.92619996    0.00000000             0.00000
        0.00000000    0.00000000    1.00000000            80.00000
  54   'helical symmetry operation'
        0.64479090   -0.76435901    0.00000000             0.00000
        0.76435901    0.64479090    0.00000000             0.00000
        0.00000000    0.00000000    1.00000000            80.00000
  55   'helical symmetry operation'
       -0.52769727   -0.84943251    0.00000000             0.00000
        0.84943251   -0.52769727    0.00000000             0.00000
        0.00000000    0.00000000    1.00000000            80.00000
#
loop_
_pdbx_struct_assembly.id
_pdbx_struct_assembly.details
      1           'representative helical assembly'
      2           'helical asymmetric unit'
      HAU         'helical asymmetric  unit, std helical frame'
#
loop_
_pdbx_struct_assembly_gen.assembly_id
_pdbx_struct_assembly_gen.oper_expression
_pdbx_struct_assembly_gen.asym_id_list
     1            (1-55)            A
     2              26               A
     HAU            H              A
