loop_
_pdbx_struct_oper_list.id
_pdbx_struct_oper_list.type
_pdbx_struct_oper_list.name
_pdbx_struct_oper_list.matrix[1][1]
_pdbx_struct_oper_list.matrix[1][2]
_pdbx_struct_oper_list.matrix[1][3]
_pdbx_struct_oper_list.vector[1]
_pdbx_struct_oper_list.matrix[2][1]
_pdbx_struct_oper_list.matrix[2][2]
_pdbx_struct_oper_list.matrix[2][3]
_pdbx_struct_oper_list.vector[2]
_pdbx_struct_oper_list.matrix[3][1]
_pdbx_struct_oper_list.matrix[3][2]
_pdbx_struct_oper_list.matrix[3][3]
_pdbx_struct_oper_list.vector[3]
1 "general operation" . 
   -0.97092600   -0.23938100    0.00000000       0.00000
    0.23938100   -0.97092600    0.00000000       0.00000
    0.00000000    0.00000000    1.00000000     -80.00000
2 "general operation" . 
   -0.52769700    0.84943300    0.00000000       0.00000
   -0.84943300   -0.52769700    0.00000000       0.00000
    0.00000000    0.00000000    1.00000000     -80.00000
3 "general operation" . 
    0.64479100    0.76435900    0.00000000       0.00000
   -0.76435900    0.64479100    0.00000000       0.00000
    0.00000000    0.00000000    1.00000000     -80.00000
4 "general operation" . 
    0.92620000   -0.37703300    0.00000000       0.00000
    0.37703300    0.92620000    0.00000000       0.00000
    0.00000000    0.00000000    1.00000000     -80.00000
5 "general operation" . 
   -0.07236800   -0.99737800    0.00000000       0.00000
    0.99737800   -0.07236800    0.00000000       0.00000
    0.00000000    0.00000000    1.00000000     -80.00000
6 "general operation" . 
   -0.68097700   -0.73230500    0.00000000       0.00000
    0.73230500   -0.68097700    0.00000000       0.00000
    0.00000000    0.00000000    1.00000000     -64.00000
7 "general operation" . 
   -0.90689700    0.42135200    0.00000000       0.00000
   -0.42135200   -0.90689700    0.00000000       0.00000
    0.00000000    0.00000000    1.00000000     -64.00000
8 "general operation" . 
    0.12048300    0.99271500    0.00000000       0.00000
   -0.99271500    0.12048300    0.00000000       0.00000
    0.00000000    0.00000000    1.00000000     -64.00000
9 "general operation" . 
    0.98136000    0.19217900    0.00000000       0.00000
   -0.19217900    0.98136000    0.00000000       0.00000
    0.00000000    0.00000000    1.00000000     -64.00000
10 "general operation" . 
    0.48603000   -0.87394200    0.00000000       0.00000
    0.87394200    0.48603000    0.00000000       0.00000
    0.00000000    0.00000000    1.00000000     -64.00000
11 "general operation" . 
   -0.16831700   -0.98573300    0.00000000       0.00000
    0.98573300   -0.16831700    0.00000000       0.00000
    0.00000000    0.00000000    1.00000000     -48.00000
12 "general operation" . 
   -0.98950100   -0.14452900    0.00000000       0.00000
    0.14452900   -0.98950100    0.00000000       0.00000
    0.00000000    0.00000000    1.00000000     -48.00000
13 "general operation" . 
   -0.44322800    0.89640900    0.00000000       0.00000
   -0.89640900   -0.44322800    0.00000000       0.00000
    0.00000000    0.00000000    1.00000000     -48.00000
14 "general operation" . 
    0.71557100    0.69854000    0.00000000       0.00000
   -0.69854000    0.71557100    0.00000000       0.00000
    0.00000000    0.00000000    1.00000000     -48.00000
15 "general operation" . 
    0.88547500   -0.46468800    0.00000000       0.00000
    0.46468800    0.88547500    0.00000000       0.00000
    0.00000000    0.00000000    1.00000000     -48.00000
16 "general operation" . 
    0.39938900   -0.91678100    0.00000000       0.00000
    0.91678100    0.39938900    0.00000000       0.00000
    0.00000000    0.00000000    1.00000000     -32.00000
17 "general operation" . 
   -0.74849300   -0.66314300    0.00000000       0.00000
    0.66314300   -0.74849300    0.00000000       0.00000
    0.00000000    0.00000000    1.00000000     -32.00000
18 "general operation" . 
   -0.86198300    0.50693700    0.00000000       0.00000
   -0.50693700   -0.86198300    0.00000000       0.00000
    0.00000000    0.00000000    1.00000000     -32.00000
19 "general operation" . 
    0.21575800    0.97644700    0.00000000       0.00000
   -0.97644700    0.21575800    0.00000000       0.00000
    0.00000000    0.00000000    1.00000000     -32.00000
20 "general operation" . 
    0.99532900    0.09654100    0.00000000       0.00000
   -0.09654100    0.99532900    0.00000000       0.00000
    0.00000000    0.00000000    1.00000000     -32.00000
21 "general operation" . 
    0.83647700   -0.54800100    0.00000000       0.00000
    0.54800100    0.83647700    0.00000000       0.00000
    0.00000000    0.00000000    1.00000000     -16.00000
22 "general operation" . 
   -0.26269400   -0.96487900    0.00000000       0.00000
    0.96487900   -0.26269400    0.00000000       0.00000
    0.00000000    0.00000000    1.00000000     -16.00000
23 "general operation" . 
   -0.99883200   -0.04832700    0.00000000       0.00000
    0.04832700   -0.99883200    0.00000000       0.00000
    0.00000000    0.00000000    1.00000000     -16.00000
24 "general operation" . 
   -0.35461700    0.93501100    0.00000000       0.00000
   -0.93501100   -0.35461700    0.00000000       0.00000
    0.00000000    0.00000000    1.00000000     -16.00000
25 "general operation" . 
    0.77966600    0.62619600    0.00000000       0.00000
   -0.62619600    0.77966600    0.00000000       0.00000
    0.00000000    0.00000000    1.00000000     -16.00000
26 "general operation" . 
    1.00000000   -0.00000000    0.00000000       0.00000
    0.00000000    1.00000000    0.00000000       0.00000
    0.00000000    0.00000000    1.00000000       0.00000
27 "general operation" . 
    0.30901700   -0.95105700    0.00000000       0.00000
    0.95105700    0.30901700    0.00000000       0.00000
    0.00000000    0.00000000    1.00000000       0.00000
28 "general operation" . 
   -0.80901700   -0.58778500    0.00000000       0.00000
    0.58778500   -0.80901700    0.00000000       0.00000
    0.00000000    0.00000000    1.00000000       0.00000
29 "general operation" . 
   -0.80901700    0.58778500    0.00000000       0.00000
   -0.58778500   -0.80901700    0.00000000       0.00000
    0.00000000    0.00000000    1.00000000       0.00000
30 "general operation" . 
    0.30901700    0.95105700    0.00000000       0.00000
   -0.95105700    0.30901700    0.00000000       0.00000
    0.00000000    0.00000000    1.00000000       0.00000
31 "general operation" . 
    0.83647700    0.54800100    0.00000000       0.00000
   -0.54800100    0.83647700    0.00000000       0.00000
    0.00000000    0.00000000    1.00000000      16.00000
32 "general operation" . 
    0.77966600   -0.62619600    0.00000000       0.00000
    0.62619600    0.77966600    0.00000000       0.00000
    0.00000000    0.00000000    1.00000000      16.00000
33 "general operation" . 
   -0.35461700   -0.93501100    0.00000000       0.00000
    0.93501100   -0.35461700    0.00000000       0.00000
    0.00000000    0.00000000    1.00000000      16.00000
34 "general operation" . 
   -0.99883200    0.04832700    0.00000000       0.00000
   -0.04832700   -0.99883200    0.00000000       0.00000
    0.00000000    0.00000000    1.00000000      16.00000
35 "general operation" . 
   -0.26269400    0.96487900    0.00000000       0.00000
   -0.96487900   -0.26269400    0.00000000       0.00000
    0.00000000    0.00000000    1.00000000      16.00000
36 "general operation" . 
    0.39938900    0.91678100    0.00000000       0.00000
   -0.91678100    0.39938900    0.00000000       0.00000
    0.00000000    0.00000000    1.00000000      32.00000
37 "general operation" . 
    0.99532900   -0.09654100    0.00000000       0.00000
    0.09654100    0.99532900    0.00000000       0.00000
    0.00000000    0.00000000    1.00000000      32.00000
38 "general operation" . 
    0.21575800   -0.97644700    0.00000000       0.00000
    0.97644700    0.21575800    0.00000000       0.00000
    0.00000000    0.00000000    1.00000000      32.00000
39 "general operation" . 
   -0.86198300   -0.50693700    0.00000000       0.00000
    0.50693700   -0.86198300    0.00000000       0.00000
    0.00000000    0.00000000    1.00000000      32.00000
40 "general operation" . 
   -0.74849300    0.66314300    0.00000000       0.00000
   -0.66314300   -0.74849300    0.00000000       0.00000
    0.00000000    0.00000000    1.00000000      32.00000
41 "general operation" . 
   -0.16831700    0.98573300    0.00000000       0.00000
   -0.98573300   -0.16831700    0.00000000       0.00000
    0.00000000    0.00000000    1.00000000      48.00000
42 "general operation" . 
    0.88547500    0.46468800    0.00000000       0.00000
   -0.46468800    0.88547500    0.00000000       0.00000
    0.00000000    0.00000000    1.00000000      48.00000
43 "general operation" . 
    0.71557100   -0.69854000    0.00000000       0.00000
    0.69854000    0.71557100    0.00000000       0.00000
    0.00000000    0.00000000    1.00000000      48.00000
44 "general operation" . 
   -0.44322800   -0.89640900    0.00000000       0.00000
    0.89640900   -0.44322800    0.00000000       0.00000
    0.00000000    0.00000000    1.00000000      48.00000
45 "general operation" . 
   -0.98950100    0.14452900    0.00000000       0.00000
   -0.14452900   -0.98950100    0.00000000       0.00000
    0.00000000    0.00000000    1.00000000      48.00000
46 "general operation" . 
   -0.68097700    0.73230500    0.00000000       0.00000
   -0.73230500   -0.68097700    0.00000000       0.00000
    0.00000000    0.00000000    1.00000000      64.00000
47 "general operation" . 
    0.48603000    0.87394200    0.00000000       0.00000
   -0.87394200    0.48603000    0.00000000       0.00000
    0.00000000    0.00000000    1.00000000      64.00000
48 "general operation" . 
    0.98136000   -0.19217900    0.00000000       0.00000
    0.19217900    0.98136000    0.00000000       0.00000
    0.00000000    0.00000000    1.00000000      64.00000
49 "general operation" . 
    0.12048300   -0.99271500    0.00000000       0.00000
    0.99271500    0.12048300    0.00000000       0.00000
    0.00000000    0.00000000    1.00000000      64.00000
50 "general operation" . 
   -0.90689700   -0.42135200    0.00000000       0.00000
    0.42135200   -0.90689700    0.00000000       0.00000
    0.00000000    0.00000000    1.00000000      64.00000
51 "general operation" . 
   -0.97092600    0.23938100    0.00000000       0.00000
   -0.23938100   -0.97092600    0.00000000       0.00000
    0.00000000    0.00000000    1.00000000      80.00000
52 "general operation" . 
   -0.07236800    0.99737800    0.00000000       0.00000
   -0.99737800   -0.07236800    0.00000000       0.00000
    0.00000000    0.00000000    1.00000000      80.00000
53 "general operation" . 
    0.92620000    0.37703300    0.00000000       0.00000
   -0.37703300    0.92620000    0.00000000       0.00000
    0.00000000    0.00000000    1.00000000      80.00000
54 "general operation" . 
    0.64479100   -0.76435900    0.00000000       0.00000
    0.76435900    0.64479100    0.00000000       0.00000
    0.00000000    0.00000000    1.00000000      80.00000
55 "general operation" . 
   -0.52769700   -0.84943300    0.00000000       0.00000
    0.84943300   -0.52769700    0.00000000       0.00000
    0.00000000    0.00000000    1.00000000      80.00000
