loop_
_pdbx_struct_oper_list.id
_pdbx_struct_oper_list.type
_pdbx_struct_oper_list.name
_pdbx_struct_oper_list.matrix[1][1]
_pdbx_struct_oper_list.matrix[1][2]
_pdbx_struct_oper_list.matrix[1][3]
_pdbx_struct_oper_list.vector[1]
_pdbx_struct_oper_list.matrix[2][1]
_pdbx_struct_oper_list.matrix[2][2]
_pdbx_struct_oper_list.matrix[2][3]
_pdbx_struct_oper_list.vector[2]
_pdbx_struct_oper_list.matrix[3][1]
_pdbx_struct_oper_list.matrix[3][2]
_pdbx_struct_oper_list.matrix[3][3]
_pdbx_struct_oper_list.vector[3]
1 "general operation" . 
    1.00000000    0.00000000    0.00000000       0.00000
    0.00000000    1.00000000    0.00000000       0.00000
    0.00000000    0.00000000    1.00000000       0.00000
2 "general operation" . 
    0.55901500   -0.42290000    0.71315800     -50.81488
    0.81074300    0.45931400   -0.36330800     -31.21577
   -0.17383500    0.78097400    0.59970100      69.57587
3 "general operation" . 
   -0.15433900    0.12630500    0.97999300     -16.40146
    0.88876200   -0.41563200    0.19344100    -112.02952
    0.43175000    0.90058500   -0.04806200      95.75442
4 "general operation" . 
   -0.15423400    0.88863700    0.43174900      55.68209
    0.12623400   -0.41569400    0.90083700    -130.75865
    0.97985600    0.19352800   -0.04810600      42.35824
5 "general operation" . 
    0.55918700    0.81057700   -0.17391900      65.81870
   -0.42305100    0.45921400    0.78128400     -61.52065
    0.71302000   -0.36306500    0.59963200     -16.82129
6 "general operation" . 
   -0.36139700    0.16202200    0.91835500      11.87920
    0.66576700    0.73429900    0.13224300     -82.25966
   -0.65278000    0.65928500   -0.37290200     244.14774
7 "general operation" . 
   -0.23030900    0.94447100    0.23414400      89.08081
    0.94451600    0.15899800    0.28732700    -129.81177
    0.23442200    0.28765300   -0.92868800     230.79341
8 "general operation" . 
    0.59627700    0.71407100   -0.36696200      87.59179
    0.60695900   -0.10201300    0.78813500    -162.77967
    0.52569800   -0.69229900   -0.49426400     145.28773
9 "general operation" . 
    0.97604900   -0.21077500   -0.05425600       9.46994
    0.11958800    0.31197500    0.94256600    -135.60279
   -0.18148500   -0.92631200    0.33001000     105.79685
10 "general operation" . 
    0.38417400   -0.55196000    0.74011500     -37.32318
    0.15593400    0.82884500    0.53720300     -85.83876
   -0.90982400   -0.09098700    0.40501500     166.89575
11 "general operation" . 
   -0.36100700    0.66587600   -0.65292200     218.47263
    0.16194100    0.73425000    0.65920300    -102.46750
    0.91826600    0.13249900   -0.37324300      91.11751
12 "general operation" . 
    0.45154800   -0.05139900   -0.89093100     170.60353
    0.57122500    0.78359100    0.24405800     -87.75262
    0.68563100   -0.61897400    0.38289600      14.35108
13 "general operation" . 
    0.36562500   -0.91036800   -0.19359600      87.27573
    0.91219200    0.30894500    0.26905200    -124.25963
   -0.18511200   -0.27522600    0.94346400      25.47306
14 "general operation" . 
   -0.50003300   -0.72396400    0.47539100      83.64521
    0.71363600   -0.03374400    0.69964400    -161.53702
   -0.49062500    0.68869300    0.53377400     109.11328
15 "general operation" . 
   -0.94911700    0.25020900    0.19151300     164.72928
    0.24995500    0.22911000    0.94077200    -148.06889
    0.19130000    0.94068200   -0.27999300     149.68352
16 "general operation" . 
   -0.93121900    0.10070900    0.35053500     142.07367
    0.10063100   -0.85265700    0.51285400     -77.23917
    0.35002700    0.51250900    0.78387600      -5.68650
17 "general operation" . 
   -0.49985200    0.71383400   -0.49047700     210.63832
   -0.72418500   -0.03366600    0.68910200     -20.05380
    0.47492100    0.69956500    0.53351900      15.06697
18 "general operation" . 
    0.38457400    0.15621200   -0.90995400     179.62988
   -0.55191600    0.82897000   -0.09097100      65.74116
    0.73991400    0.53714200    0.40449000       6.21596
19 "general operation" . 
    0.49981200   -0.80154200   -0.32819400      91.90091
    0.37936800    0.54312000   -0.74932800      61.57996
    0.77879500    0.24970200    0.57510300     -20.00773
20 "general operation" . 
   -0.31339300   -0.83584400    0.45083100      68.68997
    0.78266400   -0.49618300   -0.37614400     -26.78668
    0.53783200    0.23447900    0.80957500     -27.36376
21 "general operation" . 
    0.17476700    0.15417500   -0.97258600     208.30940
   -0.93881900   -0.27168300   -0.21158800     119.30790
   -0.29698400    0.94984400    0.09691600     147.69405
22 "general operation" . 
    0.39176300   -0.76266500   -0.51464100     126.94778
   -0.70830000    0.10699700   -0.69771100     160.77341
    0.58721600    0.63756300   -0.49876000     139.87769
23 "general operation" . 
   -0.30986300   -0.91790500    0.24783800      95.04161
   -0.18791700   -0.19620900   -0.96242100     144.88185
    0.93186700   -0.34501500   -0.11196200      55.43454
24 "general operation" . 
   -0.96048900   -0.09700800    0.26113000     156.68411
   -0.09682300   -0.76228200   -0.63989800      93.59478
    0.26067200   -0.64000100    0.72277000      11.06205
25 "general operation" . 
   -0.66097100    0.56557300   -0.49313600     226.68776
   -0.56090500   -0.80892700   -0.17585700      77.78913
   -0.49880000    0.16026700    0.85186400      68.08165
26 "general operation" . 
    0.67436900   -0.49968500    0.54356700     -39.75175
    0.29652900   -0.49110200   -0.81919700      78.84547
    0.67644000    0.71324700   -0.18326700      89.69400
27 "general operation" . 
   -0.12262500   -0.09019300    0.98845000     -20.60254
   -0.08999000   -0.99075000   -0.10138300      22.11176
    0.98826200   -0.10159200    0.11337500      20.30484
28 "general operation" . 
   -0.31350000    0.78238900    0.53809300      57.21606
   -0.83592700   -0.49618600    0.23496900      50.55816
    0.45038000   -0.37606000    0.80968600     -18.85397
29 "general operation" . 
    0.36552800    0.91218300   -0.18512500      86.16138
   -0.91042400    0.30911700   -0.27496800     124.87292
   -0.19387000    0.26915000    0.94338800      26.33346
30 "general operation" . 
    0.97606600    0.11981600   -0.18174400      26.23203
   -0.21052800    0.31226000   -0.92647900     142.35551
   -0.05415700    0.94237900    0.32970900      93.41989
31 "general operation" . 
    0.93731200   -0.22122600   -0.26953100      41.55460
   -0.01702900   -0.80098800    0.59862500     -77.05442
   -0.34780700   -0.55642600   -0.75435700     264.60280
32 "general operation" . 
    0.39146800   -0.70850200    0.58718500     -17.92177
   -0.76297900    0.10680900    0.63785700      -9.53565
   -0.51441600   -0.69762300   -0.49827800     247.16117
33 "general operation" . 
   -0.45765100   -0.03240100    0.88871900      25.15631
   -0.45080400    0.86987900   -0.20040300      70.28016
   -0.76654400   -0.49202400   -0.41222800     260.41038
34 "general operation" . 
   -0.43659300    0.87273100    0.21836200     111.25632
    0.48808100    0.43368400   -0.75771000      52.09020
   -0.75575800   -0.22376000   -0.61512600     286.04047
35 "general operation" . 
    0.67429300    0.29612100    0.67628700     -57.20228
   -0.49979300   -0.49128000    0.71362600     -45.14049
    0.54369900   -0.81900000   -0.18301300     102.60272
36 "general operation" . 
    0.49945800    0.37901800    0.77886600     -53.65725
   -0.80174800    0.54303900    0.25001700      45.24329
   -0.32825000   -0.74904000    0.57553800      87.80761
37 "general operation" . 
    0.45109900    0.57114400    0.68558100     -36.67863
   -0.05138600    0.78374600   -0.61912600      86.42754
   -0.89082800    0.24425500    0.38318900     167.91326
38 "general operation" . 
    0.59604700    0.60698700    0.52534900     -29.73040
    0.71431900   -0.10180700   -0.69267900      21.49712
   -0.36656900    0.78818700   -0.49424000     232.21625
39 "general operation" . 
    0.73398800    0.43701500    0.51960600     -42.41493
    0.43718800   -0.88981700    0.13100700     -59.81642
    0.52001700    0.13105900   -0.84417100     191.85211
40 "general operation" . 
   -0.48800700    0.77255800    0.40621200      91.56286
   -0.61229400    0.02875800   -0.79006900     163.56501
   -0.62228700   -0.63395700    0.45924900     131.74978
41 "general operation" . 
    0.28293100    0.87847100   -0.38509400     120.50689
   -0.18162600   -0.34487600   -0.92091700     138.81149
   -0.94168100    0.33064500    0.06194500     215.11360
42 "general operation" . 
    0.93732200   -0.01690800   -0.34832100      51.91392
   -0.22105200   -0.80081200   -0.55650800      94.73316
   -0.26911400    0.59848800   -0.75454400     256.95349
43 "general operation" . 
    0.57082000   -0.67619600    0.46571100     -19.42265
   -0.67608700   -0.70896300   -0.20044400      92.24488
    0.46594800   -0.20057800   -0.86185700     199.44801
44 "general operation" . 
   -0.31008200   -0.18827800    0.93203900       5.08158
   -0.91788800   -0.19625900   -0.34479200     134.78523
    0.24767500   -0.96227200   -0.11169300     122.06805
45 "general operation" . 
   -0.49432200   -0.85674000    0.14694100     126.28301
   -0.85680000    0.45162600   -0.24897200     116.22845
    0.14693700   -0.24894600   -0.95730300     243.08361
46 "general operation" . 
   -0.99647600   -0.06970400    0.04685100     188.36966
   -0.06953200    0.37534100   -0.92442000     128.34614
    0.04672000   -0.92411800   -0.37886400     176.78326
47 "general operation" . 
   -0.62170300    0.42598700   -0.65722300     244.44101
    0.42613200   -0.52014800   -0.74032900      55.84580
   -0.65724800   -0.74010300    0.14185000     176.89701
48 "general operation" . 
    0.11207300   -0.05469500   -0.99227500     217.00841
   -0.05479800   -0.99730500    0.04889500      -1.07982
   -0.99210700    0.04879400   -0.11476900     243.26762
49 "general operation" . 
    0.19079800   -0.84746400   -0.49527400     143.98274
   -0.84769400   -0.39671600    0.35257000      36.23878
   -0.49509400    0.35234600   -0.79408200     284.17309
50 "general operation" . 
   -0.48766300   -0.61231800   -0.62205600     226.76140
    0.77284600    0.02866400   -0.63428000       8.11390
    0.40606500   -0.79012900    0.45899900      31.58402
51 "general operation" . 
   -0.66091100   -0.56082500   -0.49837100     227.37641
    0.56553200   -0.80903300    0.16036600     -76.18327
   -0.49338700   -0.17617600    0.85191000      67.54994
52 "general operation" . 
   -0.73751300   -0.36731000   -0.56645700     243.79296
   -0.36765600   -0.48552400    0.79341200     -68.50808
   -0.56673700    0.79305800    0.22303700     157.39299
53 "general operation" . 
   -0.61160700   -0.29920400   -0.73222200     253.32407
   -0.73708500    0.55211400    0.39001000      20.53254
    0.28738300    0.77812600   -0.55854100     176.95336
54 "general operation" . 
   -0.45719100   -0.45062800   -0.76658500     242.79802
   -0.03221600    0.86989800   -0.49235300      67.88770
    0.88860700   -0.20033900   -0.41270600      99.19886
55 "general operation" . 
    0.17464500   -0.93874900   -0.29685700     119.46393
    0.15382500   -0.27190600    0.95006200    -139.92134
   -0.97241700   -0.21179000    0.09726100     213.46706
56 "general operation" . 
   -0.61185400   -0.73687800    0.28757600     119.23979
   -0.29960900    0.55203600    0.77824200     -73.14897
   -0.73221300    0.38992100   -0.55821500     276.25885
57 "general operation" . 
   -0.98944700    0.14488800    0.00382600     193.34178
    0.14478800    0.98805400    0.05248800     -21.01016
    0.00384500    0.05279800   -0.99860600     262.45601
58 "general operation" . 
   -0.43631500    0.48797800   -0.75597600     239.36378
    0.87287500    0.43358800   -0.22423300     -55.55902
    0.21854700   -0.75726500   -0.61530700     191.13392
59 "general operation" . 
    0.28313300   -0.18174700   -0.94180900     193.70482
    0.87846100   -0.34511000    0.33049900    -129.05019
   -0.38481700   -0.92078900    0.06197700     160.85706
60 "general operation" . 
    0.42554200    0.75603100   -0.49747600     121.39104
    0.75616900   -0.59896900   -0.26388300     -38.96762
   -0.49696400   -0.26356300   -0.82657300     288.63140
