MTRIX1   1  1.000000  0.000000  0.000000        0.00000
MTRIX2   1  0.000000  1.000000  0.000000        0.00000
MTRIX3   1  0.000000  0.000000  1.000000        0.00000
MTRIX1   2  0.559015 -0.422900  0.713158      -50.81488
MTRIX2   2  0.810743  0.459314 -0.363308      -31.21577
MTRIX3   2 -0.173835  0.780974  0.599701       69.57587
MTRIX1   3 -0.154339  0.126305  0.979993      -16.40146
MTRIX2   3  0.888762 -0.415632  0.193441     -112.02952
MTRIX3   3  0.431750  0.900585 -0.048062       95.75442
MTRIX1   4 -0.154234  0.888637  0.431749       55.68209
MTRIX2   4  0.126234 -0.415694  0.900837     -130.75865
MTRIX3   4  0.979856  0.193528 -0.048106       42.35824
MTRIX1   5  0.559187  0.810577 -0.173919       65.81870
MTRIX2   5 -0.423051  0.459214  0.781284      -61.52065
MTRIX3   5  0.713020 -0.363065  0.599632      -16.82129
MTRIX1   6 -0.361397  0.162022  0.918355       11.87920
MTRIX2   6  0.665767  0.734299  0.132243      -82.25966
MTRIX3   6 -0.652780  0.659285 -0.372902      244.14774
MTRIX1   7 -0.230309  0.944471  0.234144       89.08081
MTRIX2   7  0.944516  0.158998  0.287327     -129.81177
MTRIX3   7  0.234422  0.287653 -0.928688      230.79341
MTRIX1   8  0.596277  0.714071 -0.366962       87.59179
MTRIX2   8  0.606959 -0.102013  0.788135     -162.77967
MTRIX3   8  0.525698 -0.692299 -0.494264      145.28773
MTRIX1   9  0.976049 -0.210775 -0.054256        9.46994
MTRIX2   9  0.119588  0.311975  0.942566     -135.60279
MTRIX3   9 -0.181485 -0.926312  0.330010      105.79685
MTRIX1  10  0.384174 -0.551960  0.740115      -37.32318
MTRIX2  10  0.155934  0.828845  0.537203      -85.83876
MTRIX3  10 -0.909824 -0.090987  0.405015      166.89575
MTRIX1  11 -0.361007  0.665876 -0.652922      218.47263
MTRIX2  11  0.161941  0.734250  0.659203     -102.46750
MTRIX3  11  0.918266  0.132499 -0.373243       91.11751
MTRIX1  12  0.451548 -0.051399 -0.890931      170.60353
MTRIX2  12  0.571225  0.783591  0.244058      -87.75262
MTRIX3  12  0.685631 -0.618974  0.382896       14.35108
MTRIX1  13  0.365625 -0.910368 -0.193596       87.27573
MTRIX2  13  0.912192  0.308945  0.269052     -124.25963
MTRIX3  13 -0.185112 -0.275226  0.943464       25.47306
MTRIX1  14 -0.500033 -0.723964  0.475391       83.64521
MTRIX2  14  0.713636 -0.033744  0.699644     -161.53702
MTRIX3  14 -0.490625  0.688693  0.533774      109.11328
MTRIX1  15 -0.949117  0.250209  0.191513      164.72928
MTRIX2  15  0.249955  0.229110  0.940772     -148.06889
MTRIX3  15  0.191300  0.940682 -0.279993      149.68352
MTRIX1  16 -0.931219  0.100709  0.350535      142.07367
MTRIX2  16  0.100631 -0.852657  0.512854      -77.23917
MTRIX3  16  0.350027  0.512509  0.783876       -5.68650
MTRIX1  17 -0.499852  0.713834 -0.490477      210.63832
MTRIX2  17 -0.724185 -0.033666  0.689102      -20.05380
MTRIX3  17  0.474921  0.699565  0.533519       15.06697
MTRIX1  18  0.384574  0.156212 -0.909954      179.62988
MTRIX2  18 -0.551916  0.828970 -0.090971       65.74116
MTRIX3  18  0.739914  0.537142  0.404490        6.21596
MTRIX1  19  0.499812 -0.801542 -0.328194       91.90091
MTRIX2  19  0.379368  0.543120 -0.749328       61.57996
MTRIX3  19  0.778795  0.249702  0.575103      -20.00773
MTRIX1  20 -0.313393 -0.835844  0.450831       68.68997
MTRIX2  20  0.782664 -0.496183 -0.376144      -26.78668
MTRIX3  20  0.537832  0.234479  0.809575      -27.36376
MTRIX1  21  0.174767  0.154175 -0.972586      208.30940
MTRIX2  21 -0.938819 -0.271683 -0.211588      119.30790
MTRIX3  21 -0.296984  0.949844  0.096916      147.69405
MTRIX1  22  0.391763 -0.762665 -0.514641      126.94778
MTRIX2  22 -0.708300  0.106997 -0.697711      160.77341
MTRIX3  22  0.587216  0.637563 -0.498760      139.87769
MTRIX1  23 -0.309863 -0.917905  0.247838       95.04161
MTRIX2  23 -0.187917 -0.196209 -0.962421      144.88185
MTRIX3  23  0.931867 -0.345015 -0.111962       55.43454
MTRIX1  24 -0.960489 -0.097008  0.261130      156.68411
MTRIX2  24 -0.096823 -0.762282 -0.639898       93.59478
MTRIX3  24  0.260672 -0.640001  0.722770       11.06205
MTRIX1  25 -0.660971  0.565573 -0.493136      226.68776
MTRIX2  25 -0.560905 -0.808927 -0.175857       77.78913
MTRIX3  25 -0.498800  0.160267  0.851864       68.08165
MTRIX1  26  0.674369 -0.499685  0.543567      -39.75175
MTRIX2  26  0.296529 -0.491102 -0.819197       78.84547
MTRIX3  26  0.676440  0.713247 -0.183267       89.69400
MTRIX1  27 -0.122625 -0.090193  0.988450      -20.60254
MTRIX2  27 -0.089990 -0.990750 -0.101383       22.11176
MTRIX3  27  0.988262 -0.101592  0.113375       20.30484
MTRIX1  28 -0.313500  0.782389  0.538093       57.21606
MTRIX2  28 -0.835927 -0.496186  0.234969       50.55816
MTRIX3  28  0.450380 -0.376060  0.809686      -18.85397
MTRIX1  29  0.365528  0.912183 -0.185125       86.16138
MTRIX2  29 -0.910424  0.309117 -0.274968      124.87292
MTRIX3  29 -0.193870  0.269150  0.943388       26.33346
MTRIX1  30  0.976066  0.119816 -0.181744       26.23203
MTRIX2  30 -0.210528  0.312260 -0.926479      142.35551
MTRIX3  30 -0.054157  0.942379  0.329709       93.41989
MTRIX1  31  0.937312 -0.221226 -0.269531       41.55460
MTRIX2  31 -0.017029 -0.800988  0.598625      -77.05442
MTRIX3  31 -0.347807 -0.556426 -0.754357      264.60280
MTRIX1  32  0.391468 -0.708502  0.587185      -17.92177
MTRIX2  32 -0.762979  0.106809  0.637857       -9.53565
MTRIX3  32 -0.514416 -0.697623 -0.498278      247.16117
MTRIX1  33 -0.457651 -0.032401  0.888719       25.15631
MTRIX2  33 -0.450804  0.869879 -0.200403       70.28016
MTRIX3  33 -0.766544 -0.492024 -0.412228      260.41038
MTRIX1  34 -0.436593  0.872731  0.218362      111.25632
MTRIX2  34  0.488081  0.433684 -0.757710       52.09020
MTRIX3  34 -0.755758 -0.223760 -0.615126      286.04047
MTRIX1  35  0.674293  0.296121  0.676287      -57.20228
MTRIX2  35 -0.499793 -0.491280  0.713626      -45.14049
MTRIX3  35  0.543699 -0.819000 -0.183013      102.60272
MTRIX1  36  0.499458  0.379018  0.778866      -53.65725
MTRIX2  36 -0.801748  0.543039  0.250017       45.24329
MTRIX3  36 -0.328250 -0.749040  0.575538       87.80761
MTRIX1  37  0.451099  0.571144  0.685581      -36.67863
MTRIX2  37 -0.051386  0.783746 -0.619126       86.42754
MTRIX3  37 -0.890828  0.244255  0.383189      167.91326
MTRIX1  38  0.596047  0.606987  0.525349      -29.73040
MTRIX2  38  0.714319 -0.101807 -0.692679       21.49712
MTRIX3  38 -0.366569  0.788187 -0.494240      232.21625
MTRIX1  39  0.733988  0.437015  0.519606      -42.41493
MTRIX2  39  0.437188 -0.889817  0.131007      -59.81642
MTRIX3  39  0.520017  0.131059 -0.844171      191.85211
MTRIX1  40 -0.488007  0.772558  0.406212       91.56286
MTRIX2  40 -0.612294  0.028758 -0.790069      163.56501
MTRIX3  40 -0.622287 -0.633957  0.459249      131.74978
MTRIX1  41  0.282931  0.878471 -0.385094      120.50689
MTRIX2  41 -0.181626 -0.344876 -0.920917      138.81149
MTRIX3  41 -0.941681  0.330645  0.061945      215.11360
MTRIX1  42  0.937322 -0.016908 -0.348321       51.91392
MTRIX2  42 -0.221052 -0.800812 -0.556508       94.73316
MTRIX3  42 -0.269114  0.598488 -0.754544      256.95349
MTRIX1  43  0.570820 -0.676196  0.465711      -19.42265
MTRIX2  43 -0.676087 -0.708963 -0.200444       92.24488
MTRIX3  43  0.465948 -0.200578 -0.861857      199.44801
MTRIX1  44 -0.310082 -0.188278  0.932039        5.08158
MTRIX2  44 -0.917888 -0.196259 -0.344792      134.78523
MTRIX3  44  0.247675 -0.962272 -0.111693      122.06805
MTRIX1  45 -0.494322 -0.856740  0.146941      126.28301
MTRIX2  45 -0.856800  0.451626 -0.248972      116.22845
MTRIX3  45  0.146937 -0.248946 -0.957303      243.08361
MTRIX1  46 -0.996476 -0.069704  0.046851      188.36966
MTRIX2  46 -0.069532  0.375341 -0.924420      128.34614
MTRIX3  46  0.046720 -0.924118 -0.378864      176.78326
MTRIX1  47 -0.621703  0.425987 -0.657223      244.44101
MTRIX2  47  0.426132 -0.520148 -0.740329       55.84580
MTRIX3  47 -0.657248 -0.740103  0.141850      176.89701
MTRIX1  48  0.112073 -0.054695 -0.992275      217.00841
MTRIX2  48 -0.054798 -0.997305  0.048895       -1.07982
MTRIX3  48 -0.992107  0.048794 -0.114769      243.26762
MTRIX1  49  0.190798 -0.847464 -0.495274      143.98274
MTRIX2  49 -0.847694 -0.396716  0.352570       36.23878
MTRIX3  49 -0.495094  0.352346 -0.794082      284.17309
MTRIX1  50 -0.487663 -0.612318 -0.622056      226.76140
MTRIX2  50  0.772846  0.028664 -0.634280        8.11390
MTRIX3  50  0.406065 -0.790129  0.458999       31.58402
MTRIX1  51 -0.660911 -0.560825 -0.498371      227.37641
MTRIX2  51  0.565532 -0.809033  0.160366      -76.18327
MTRIX3  51 -0.493387 -0.176176  0.851910       67.54994
MTRIX1  52 -0.737513 -0.367310 -0.566457      243.79296
MTRIX2  52 -0.367656 -0.485524  0.793412      -68.50808
MTRIX3  52 -0.566737  0.793058  0.223037      157.39299
MTRIX1  53 -0.611607 -0.299204 -0.732222      253.32407
MTRIX2  53 -0.737085  0.552114  0.390010       20.53254
MTRIX3  53  0.287383  0.778126 -0.558541      176.95336
MTRIX1  54 -0.457191 -0.450628 -0.766585      242.79802
MTRIX2  54 -0.032216  0.869898 -0.492353       67.88770
MTRIX3  54  0.888607 -0.200339 -0.412706       99.19886
MTRIX1  55  0.174645 -0.938749 -0.296857      119.46393
MTRIX2  55  0.153825 -0.271906  0.950062     -139.92134
MTRIX3  55 -0.972417 -0.211790  0.097261      213.46706
MTRIX1  56 -0.611854 -0.736878  0.287576      119.23979
MTRIX2  56 -0.299609  0.552036  0.778242      -73.14897
MTRIX3  56 -0.732213  0.389921 -0.558215      276.25885
MTRIX1  57 -0.989447  0.144888  0.003826      193.34178
MTRIX2  57  0.144788  0.988054  0.052488      -21.01016
MTRIX3  57  0.003845  0.052798 -0.998606      262.45601
MTRIX1  58 -0.436315  0.487978 -0.755976      239.36378
MTRIX2  58  0.872875  0.433588 -0.224233      -55.55902
MTRIX3  58  0.218547 -0.757265 -0.615307      191.13392
MTRIX1  59  0.283133 -0.181747 -0.941809      193.70482
MTRIX2  59  0.878461 -0.345110  0.330499     -129.05019
MTRIX3  59 -0.384817 -0.920789  0.061977      160.85706
MTRIX1  60  0.425542  0.756031 -0.497476      121.39104
MTRIX2  60  0.756169 -0.598969 -0.263883      -38.96762
MTRIX3  60 -0.496964 -0.263563 -0.826573      288.63140
