REMARK 350   BIOMT1   1  1.000000  0.000000  0.000000        0.00000
REMARK 350   BIOMT2   1  0.000000  1.000000  0.000000        0.00000
REMARK 350   BIOMT3   1  0.000000  0.000000  1.000000        0.00000
REMARK 350   BIOMT1   2  0.559015 -0.422900  0.713158      -50.81488
REMARK 350   BIOMT2   2  0.810743  0.459314 -0.363308      -31.21577
REMARK 350   BIOMT3   2 -0.173835  0.780974  0.599701       69.57587
REMARK 350   BIOMT1   3 -0.154339  0.126305  0.979993      -16.40146
REMARK 350   BIOMT2   3  0.888762 -0.415632  0.193441     -112.02952
REMARK 350   BIOMT3   3  0.431750  0.900585 -0.048062       95.75442
REMARK 350   BIOMT1   4 -0.154234  0.888637  0.431749       55.68209
REMARK 350   BIOMT2   4  0.126234 -0.415694  0.900837     -130.75865
REMARK 350   BIOMT3   4  0.979856  0.193528 -0.048106       42.35824
REMARK 350   BIOMT1   5  0.559187  0.810577 -0.173919       65.81870
REMARK 350   BIOMT2   5 -0.423051  0.459214  0.781284      -61.52065
REMARK 350   BIOMT3   5  0.713020 -0.363065  0.599632      -16.82129
REMARK 350   BIOMT1   6 -0.361397  0.162022  0.918355       11.87920
REMARK 350   BIOMT2   6  0.665767  0.734299  0.132243      -82.25966
REMARK 350   BIOMT3   6 -0.652780  0.659285 -0.372902      244.14774
REMARK 350   BIOMT1   7 -0.230309  0.944471  0.234144       89.08081
REMARK 350   BIOMT2   7  0.944516  0.158998  0.287327     -129.81177
REMARK 350   BIOMT3   7  0.234422  0.287653 -0.928688      230.79341
REMARK 350   BIOMT1   8  0.596277  0.714071 -0.366962       87.59179
REMARK 350   BIOMT2   8  0.606959 -0.102013  0.788135     -162.77967
REMARK 350   BIOMT3   8  0.525698 -0.692299 -0.494264      145.28773
REMARK 350   BIOMT1   9  0.976049 -0.210775 -0.054256        9.46994
REMARK 350   BIOMT2   9  0.119588  0.311975  0.942566     -135.60279
REMARK 350   BIOMT3   9 -0.181485 -0.926312  0.330010      105.79685
REMARK 350   BIOMT1  10  0.384174 -0.551960  0.740115      -37.32318
REMARK 350   BIOMT2  10  0.155934  0.828845  0.537203      -85.83876
REMARK 350   BIOMT3  10 -0.909824 -0.090987  0.405015      166.89575
REMARK 350   BIOMT1  11 -0.361007  0.665876 -0.652922      218.47263
REMARK 350   BIOMT2  11  0.161941  0.734250  0.659203     -102.46750
REMARK 350   BIOMT3  11  0.918266  0.132499 -0.373243       91.11751
REMARK 350   BIOMT1  12  0.451548 -0.051399 -0.890931      170.60353
REMARK 350   BIOMT2  12  0.571225  0.783591  0.244058      -87.75262
REMARK 350   BIOMT3  12  0.685631 -0.618974  0.382896       14.35108
REMARK 350   BIOMT1  13  0.365625 -0.910368 -0.193596       87.27573
REMARK 350   BIOMT2  13  0.912192  0.308945  0.269052     -124.25963
REMARK 350   BIOMT3  13 -0.185112 -0.275226  0.943464       25.47306
REMARK 350   BIOMT1  14 -0.500033 -0.723964  0.475391       83.64521
REMARK 350   BIOMT2  14  0.713636 -0.033744  0.699644     -161.53702
REMARK 350   BIOMT3  14 -0.490625  0.688693  0.533774      109.11328
REMARK 350   BIOMT1  15 -0.949117  0.250209  0.191513      164.72928
REMARK 350   BIOMT2  15  0.249955  0.229110  0.940772     -148.06889
REMARK 350   BIOMT3  15  0.191300  0.940682 -0.279993      149.68352
REMARK 350   BIOMT1  16 -0.931219  0.100709  0.350535      142.07367
REMARK 350   BIOMT2  16  0.100631 -0.852657  0.512854      -77.23917
REMARK 350   BIOMT3  16  0.350027  0.512509  0.783876       -5.68650
REMARK 350   BIOMT1  17 -0.499852  0.713834 -0.490477      210.63832
REMARK 350   BIOMT2  17 -0.724185 -0.033666  0.689102      -20.05380
REMARK 350   BIOMT3  17  0.474921  0.699565  0.533519       15.06697
REMARK 350   BIOMT1  18  0.384574  0.156212 -0.909954      179.62988
REMARK 350   BIOMT2  18 -0.551916  0.828970 -0.090971       65.74116
REMARK 350   BIOMT3  18  0.739914  0.537142  0.404490        6.21596
REMARK 350   BIOMT1  19  0.499812 -0.801542 -0.328194       91.90091
REMARK 350   BIOMT2  19  0.379368  0.543120 -0.749328       61.57996
REMARK 350   BIOMT3  19  0.778795  0.249702  0.575103      -20.00773
REMARK 350   BIOMT1  20 -0.313393 -0.835844  0.450831       68.68997
REMARK 350   BIOMT2  20  0.782664 -0.496183 -0.376144      -26.78668
REMARK 350   BIOMT3  20  0.537832  0.234479  0.809575      -27.36376
REMARK 350   BIOMT1  21  0.174767  0.154175 -0.972586      208.30940
REMARK 350   BIOMT2  21 -0.938819 -0.271683 -0.211588      119.30790
REMARK 350   BIOMT3  21 -0.296984  0.949844  0.096916      147.69405
REMARK 350   BIOMT1  22  0.391763 -0.762665 -0.514641      126.94778
REMARK 350   BIOMT2  22 -0.708300  0.106997 -0.697711      160.77341
REMARK 350   BIOMT3  22  0.587216  0.637563 -0.498760      139.87769
REMARK 350   BIOMT1  23 -0.309863 -0.917905  0.247838       95.04161
REMARK 350   BIOMT2  23 -0.187917 -0.196209 -0.962421      144.88185
REMARK 350   BIOMT3  23  0.931867 -0.345015 -0.111962       55.43454
REMARK 350   BIOMT1  24 -0.960489 -0.097008  0.261130      156.68411
REMARK 350   BIOMT2  24 -0.096823 -0.762282 -0.639898       93.59478
REMARK 350   BIOMT3  24  0.260672 -0.640001  0.722770       11.06205
REMARK 350   BIOMT1  25 -0.660971  0.565573 -0.493136      226.68776
REMARK 350   BIOMT2  25 -0.560905 -0.808927 -0.175857       77.78913
REMARK 350   BIOMT3  25 -0.498800  0.160267  0.851864       68.08165
REMARK 350   BIOMT1  26  0.674369 -0.499685  0.543567      -39.75175
REMARK 350   BIOMT2  26  0.296529 -0.491102 -0.819197       78.84547
REMARK 350   BIOMT3  26  0.676440  0.713247 -0.183267       89.69400
REMARK 350   BIOMT1  27 -0.122625 -0.090193  0.988450      -20.60254
REMARK 350   BIOMT2  27 -0.089990 -0.990750 -0.101383       22.11176
REMARK 350   BIOMT3  27  0.988262 -0.101592  0.113375       20.30484
REMARK 350   BIOMT1  28 -0.313500  0.782389  0.538093       57.21606
REMARK 350   BIOMT2  28 -0.835927 -0.496186  0.234969       50.55816
REMARK 350   BIOMT3  28  0.450380 -0.376060  0.809686      -18.85397
REMARK 350   BIOMT1  29  0.365528  0.912183 -0.185125       86.16138
REMARK 350   BIOMT2  29 -0.910424  0.309117 -0.274968      124.87292
REMARK 350   BIOMT3  29 -0.193870  0.269150  0.943388       26.33346
REMARK 350   BIOMT1  30  0.976066  0.119816 -0.181744       26.23203
REMARK 350   BIOMT2  30 -0.210528  0.312260 -0.926479      142.35551
REMARK 350   BIOMT3  30 -0.054157  0.942379  0.329709       93.41989
REMARK 350   BIOMT1  31  0.937312 -0.221226 -0.269531       41.55460
REMARK 350   BIOMT2  31 -0.017029 -0.800988  0.598625      -77.05442
REMARK 350   BIOMT3  31 -0.347807 -0.556426 -0.754357      264.60280
REMARK 350   BIOMT1  32  0.391468 -0.708502  0.587185      -17.92177
REMARK 350   BIOMT2  32 -0.762979  0.106809  0.637857       -9.53565
REMARK 350   BIOMT3  32 -0.514416 -0.697623 -0.498278      247.16117
REMARK 350   BIOMT1  33 -0.457651 -0.032401  0.888719       25.15631
REMARK 350   BIOMT2  33 -0.450804  0.869879 -0.200403       70.28016
REMARK 350   BIOMT3  33 -0.766544 -0.492024 -0.412228      260.41038
REMARK 350   BIOMT1  34 -0.436593  0.872731  0.218362      111.25632
REMARK 350   BIOMT2  34  0.488081  0.433684 -0.757710       52.09020
REMARK 350   BIOMT3  34 -0.755758 -0.223760 -0.615126      286.04047
REMARK 350   BIOMT1  35  0.674293  0.296121  0.676287      -57.20228
REMARK 350   BIOMT2  35 -0.499793 -0.491280  0.713626      -45.14049
REMARK 350   BIOMT3  35  0.543699 -0.819000 -0.183013      102.60272
REMARK 350   BIOMT1  36  0.499458  0.379018  0.778866      -53.65725
REMARK 350   BIOMT2  36 -0.801748  0.543039  0.250017       45.24329
REMARK 350   BIOMT3  36 -0.328250 -0.749040  0.575538       87.80761
REMARK 350   BIOMT1  37  0.451099  0.571144  0.685581      -36.67863
REMARK 350   BIOMT2  37 -0.051386  0.783746 -0.619126       86.42754
REMARK 350   BIOMT3  37 -0.890828  0.244255  0.383189      167.91326
REMARK 350   BIOMT1  38  0.596047  0.606987  0.525349      -29.73040
REMARK 350   BIOMT2  38  0.714319 -0.101807 -0.692679       21.49712
REMARK 350   BIOMT3  38 -0.366569  0.788187 -0.494240      232.21625
REMARK 350   BIOMT1  39  0.733988  0.437015  0.519606      -42.41493
REMARK 350   BIOMT2  39  0.437188 -0.889817  0.131007      -59.81642
REMARK 350   BIOMT3  39  0.520017  0.131059 -0.844171      191.85211
REMARK 350   BIOMT1  40 -0.488007  0.772558  0.406212       91.56286
REMARK 350   BIOMT2  40 -0.612294  0.028758 -0.790069      163.56501
REMARK 350   BIOMT3  40 -0.622287 -0.633957  0.459249      131.74978
REMARK 350   BIOMT1  41  0.282931  0.878471 -0.385094      120.50689
REMARK 350   BIOMT2  41 -0.181626 -0.344876 -0.920917      138.81149
REMARK 350   BIOMT3  41 -0.941681  0.330645  0.061945      215.11360
REMARK 350   BIOMT1  42  0.937322 -0.016908 -0.348321       51.91392
REMARK 350   BIOMT2  42 -0.221052 -0.800812 -0.556508       94.73316
REMARK 350   BIOMT3  42 -0.269114  0.598488 -0.754544      256.95349
REMARK 350   BIOMT1  43  0.570820 -0.676196  0.465711      -19.42265
REMARK 350   BIOMT2  43 -0.676087 -0.708963 -0.200444       92.24488
REMARK 350   BIOMT3  43  0.465948 -0.200578 -0.861857      199.44801
REMARK 350   BIOMT1  44 -0.310082 -0.188278  0.932039        5.08158
REMARK 350   BIOMT2  44 -0.917888 -0.196259 -0.344792      134.78523
REMARK 350   BIOMT3  44  0.247675 -0.962272 -0.111693      122.06805
REMARK 350   BIOMT1  45 -0.494322 -0.856740  0.146941      126.28301
REMARK 350   BIOMT2  45 -0.856800  0.451626 -0.248972      116.22845
REMARK 350   BIOMT3  45  0.146937 -0.248946 -0.957303      243.08361
REMARK 350   BIOMT1  46 -0.996476 -0.069704  0.046851      188.36966
REMARK 350   BIOMT2  46 -0.069532  0.375341 -0.924420      128.34614
REMARK 350   BIOMT3  46  0.046720 -0.924118 -0.378864      176.78326
REMARK 350   BIOMT1  47 -0.621703  0.425987 -0.657223      244.44101
REMARK 350   BIOMT2  47  0.426132 -0.520148 -0.740329       55.84580
REMARK 350   BIOMT3  47 -0.657248 -0.740103  0.141850      176.89701
REMARK 350   BIOMT1  48  0.112073 -0.054695 -0.992275      217.00841
REMARK 350   BIOMT2  48 -0.054798 -0.997305  0.048895       -1.07982
REMARK 350   BIOMT3  48 -0.992107  0.048794 -0.114769      243.26762
REMARK 350   BIOMT1  49  0.190798 -0.847464 -0.495274      143.98274
REMARK 350   BIOMT2  49 -0.847694 -0.396716  0.352570       36.23878
REMARK 350   BIOMT3  49 -0.495094  0.352346 -0.794082      284.17309
REMARK 350   BIOMT1  50 -0.487663 -0.612318 -0.622056      226.76140
REMARK 350   BIOMT2  50  0.772846  0.028664 -0.634280        8.11390
REMARK 350   BIOMT3  50  0.406065 -0.790129  0.458999       31.58402
REMARK 350   BIOMT1  51 -0.660911 -0.560825 -0.498371      227.37641
REMARK 350   BIOMT2  51  0.565532 -0.809033  0.160366      -76.18327
REMARK 350   BIOMT3  51 -0.493387 -0.176176  0.851910       67.54994
REMARK 350   BIOMT1  52 -0.737513 -0.367310 -0.566457      243.79296
REMARK 350   BIOMT2  52 -0.367656 -0.485524  0.793412      -68.50808
REMARK 350   BIOMT3  52 -0.566737  0.793058  0.223037      157.39299
REMARK 350   BIOMT1  53 -0.611607 -0.299204 -0.732222      253.32407
REMARK 350   BIOMT2  53 -0.737085  0.552114  0.390010       20.53254
REMARK 350   BIOMT3  53  0.287383  0.778126 -0.558541      176.95336
REMARK 350   BIOMT1  54 -0.457191 -0.450628 -0.766585      242.79802
REMARK 350   BIOMT2  54 -0.032216  0.869898 -0.492353       67.88770
REMARK 350   BIOMT3  54  0.888607 -0.200339 -0.412706       99.19886
REMARK 350   BIOMT1  55  0.174645 -0.938749 -0.296857      119.46393
REMARK 350   BIOMT2  55  0.153825 -0.271906  0.950062     -139.92134
REMARK 350   BIOMT3  55 -0.972417 -0.211790  0.097261      213.46706
REMARK 350   BIOMT1  56 -0.611854 -0.736878  0.287576      119.23979
REMARK 350   BIOMT2  56 -0.299609  0.552036  0.778242      -73.14897
REMARK 350   BIOMT3  56 -0.732213  0.389921 -0.558215      276.25885
REMARK 350   BIOMT1  57 -0.989447  0.144888  0.003826      193.34178
REMARK 350   BIOMT2  57  0.144788  0.988054  0.052488      -21.01016
REMARK 350   BIOMT3  57  0.003845  0.052798 -0.998606      262.45601
REMARK 350   BIOMT1  58 -0.436315  0.487978 -0.755976      239.36378
REMARK 350   BIOMT2  58  0.872875  0.433588 -0.224233      -55.55902
REMARK 350   BIOMT3  58  0.218547 -0.757265 -0.615307      191.13392
REMARK 350   BIOMT1  59  0.283133 -0.181747 -0.941809      193.70482
REMARK 350   BIOMT2  59  0.878461 -0.345110  0.330499     -129.05019
REMARK 350   BIOMT3  59 -0.384817 -0.920789  0.061977      160.85706
REMARK 350   BIOMT1  60  0.425542  0.756031 -0.497476      121.39104
REMARK 350   BIOMT2  60  0.756169 -0.598969 -0.263883      -38.96762
REMARK 350   BIOMT3  60 -0.496964 -0.263563 -0.826573      288.63140
