MTRIX1   1  1.000000  0.000000  0.000000        0.00000
MTRIX2   1  0.000000  1.000000  0.000000        0.00000
MTRIX3   1  0.000000  0.000000  1.000000        0.00000
MTRIX1   2  0.500000 -0.809020  0.309020        0.00000
MTRIX2   2  0.809020  0.309020 -0.500000        0.00000
MTRIX3   2  0.309020  0.500000  0.809020        0.00000
MTRIX1   3 -0.309020 -0.500000  0.809020        0.00000
MTRIX2   3  0.500000 -0.809020 -0.309020        0.00000
MTRIX3   3  0.809020  0.309020  0.500000        0.00000
MTRIX1   4 -0.309020  0.500000  0.809020        0.00000
MTRIX2   4 -0.500000 -0.809020  0.309020        0.00000
MTRIX3   4  0.809020 -0.309020  0.500000        0.00000
MTRIX1   5  0.500000  0.809020  0.309020        0.00000
MTRIX2   5 -0.809020  0.309020  0.500000        0.00000
MTRIX3   5  0.309020 -0.500000  0.809020        0.00000
MTRIX1   6  0.000000  0.000000  1.000000        0.00000
MTRIX2   6 -1.000000  0.000000  0.000000        0.00000
MTRIX3   6  0.000000 -1.000000  0.000000        0.00000
MTRIX1   7  0.309017  0.500000  0.809017        0.00000
MTRIX2   7 -0.500000  0.809017 -0.309017        0.00000
MTRIX3   7 -0.809017 -0.309017  0.500000        0.00000
MTRIX1   8  0.809017  0.309017  0.500000        0.00000
MTRIX2   8  0.309017  0.500000 -0.809017        0.00000
MTRIX3   8 -0.500000  0.809017  0.309017        0.00000
MTRIX1   9  0.809017 -0.309017  0.500000        0.00000
MTRIX2   9  0.309017 -0.500000 -0.809017        0.00000
MTRIX3   9  0.500000  0.809017 -0.309017        0.00000
MTRIX1  10  0.309017 -0.500000  0.809017        0.00000
MTRIX2  10 -0.500000 -0.809017 -0.309017        0.00000
MTRIX3  10  0.809017 -0.309017 -0.500000        0.00000
MTRIX1  11 -0.809017  0.309017  0.500000        0.00000
MTRIX2  11 -0.309017  0.500000 -0.809017        0.00000
MTRIX3  11 -0.500000 -0.809017 -0.309017        0.00000
MTRIX1  12  0.000000  1.000000  0.000000        0.00000
MTRIX2  12  0.000000  0.000000 -1.000000        0.00000
MTRIX3  12 -1.000000  0.000000  0.000000        0.00000
MTRIX1  13  0.809017  0.309017 -0.500000        0.00000
MTRIX2  13 -0.309017 -0.500000 -0.809017        0.00000
MTRIX3  13 -0.500000  0.809017 -0.309017        0.00000
MTRIX1  14  0.500000 -0.809017 -0.309017        0.00000
MTRIX2  14 -0.809017 -0.309017 -0.500000        0.00000
MTRIX3  14  0.309017  0.500000 -0.809017        0.00000
MTRIX1  15  0.809017 -0.309017 -0.500000        0.00000
MTRIX2  15 -0.309017  0.500000 -0.809017        0.00000
MTRIX3  15  0.500000  0.809017  0.309017        0.00000
MTRIX1  16  0.000000 -1.000000  0.000000        0.00000
MTRIX2  16  0.000000  0.000000 -1.000000        0.00000
MTRIX3  16  1.000000  0.000000  0.000000        0.00000
MTRIX1  17 -0.809017 -0.309017  0.500000        0.00000
MTRIX2  17 -0.309017 -0.500000 -0.809017        0.00000
MTRIX3  17  0.500000 -0.809017  0.309017        0.00000
MTRIX1  18 -0.500000  0.809017  0.309017        0.00000
MTRIX2  18 -0.809017 -0.309017 -0.500000        0.00000
MTRIX3  18 -0.309017 -0.500000  0.809017        0.00000
MTRIX1  19  0.500000  0.809017 -0.309017        0.00000
MTRIX2  19 -0.809017  0.309017 -0.500000        0.00000
MTRIX3  19 -0.309017  0.500000  0.809017        0.00000
MTRIX1  20 -0.500000 -0.809017  0.309017        0.00000
MTRIX2  20 -0.809017  0.309017 -0.500000        0.00000
MTRIX3  20  0.309017 -0.500000 -0.809017        0.00000
MTRIX1  21  0.309017  0.500000  0.809017        0.00000
MTRIX2  21  0.500000 -0.809017  0.309017        0.00000
MTRIX3  21  0.809017  0.309017 -0.500000        0.00000
MTRIX1  22  0.809017  0.309017  0.500000        0.00000
MTRIX2  22 -0.309017 -0.500000  0.809017        0.00000
MTRIX3  22  0.500000 -0.809017 -0.309017        0.00000
MTRIX1  23  0.809017 -0.309017  0.500000        0.00000
MTRIX2  23 -0.309017  0.500000  0.809017        0.00000
MTRIX3  23 -0.500000 -0.809017  0.309017        0.00000
MTRIX1  24  0.309017 -0.500000  0.809017        0.00000
MTRIX2  24  0.500000  0.809017  0.309017        0.00000
MTRIX3  24 -0.809017  0.309017  0.500000        0.00000
MTRIX1  25  0.000000 -1.000000  0.000000        0.00000
MTRIX2  25  0.000000  0.000000  1.000000        0.00000
MTRIX3  25 -1.000000  0.000000  0.000000        0.00000
MTRIX1  26 -0.809017 -0.309017  0.500000        0.00000
MTRIX2  26  0.309017  0.500000  0.809017        0.00000
MTRIX3  26 -0.500000  0.809017 -0.309017        0.00000
MTRIX1  27 -0.500000  0.809017  0.309017        0.00000
MTRIX2  27  0.809017  0.309017  0.500000        0.00000
MTRIX3  27  0.309017  0.500000 -0.809017        0.00000
MTRIX1  28  0.500000  0.809017 -0.309017        0.00000
MTRIX2  28  0.809017 -0.309017  0.500000        0.00000
MTRIX3  28  0.309017 -0.500000 -0.809017        0.00000
MTRIX1  29  0.809017 -0.309017 -0.500000        0.00000
MTRIX2  29  0.309017 -0.500000  0.809017        0.00000
MTRIX3  29 -0.500000 -0.809017 -0.309017        0.00000
MTRIX1  30 -0.500000 -0.809017 -0.309017        0.00000
MTRIX2  30 -0.809017  0.309017  0.500000        0.00000
MTRIX3  30 -0.309017  0.500000 -0.809017        0.00000
MTRIX1  31 -1.000000  0.000000  0.000000        0.00000
MTRIX2  31  0.000000  1.000000  0.000000        0.00000
MTRIX3  31  0.000000  0.000000 -1.000000        0.00000
MTRIX1  32 -0.500000  0.809017 -0.309017        0.00000
MTRIX2  32  0.809017  0.309017 -0.500000        0.00000
MTRIX3  32 -0.309017 -0.500000 -0.809017        0.00000
MTRIX1  33  0.309017  0.500000 -0.809017        0.00000
MTRIX2  33  0.500000 -0.809017 -0.309017        0.00000
MTRIX3  33 -0.809017 -0.309017 -0.500000        0.00000
MTRIX1  34  0.500000  0.809017  0.309017        0.00000
MTRIX2  34  0.809017 -0.309017 -0.500000        0.00000
MTRIX3  34 -0.309017  0.500000 -0.809017        0.00000
MTRIX1  35  1.000000  0.000000  0.000000        0.00000
MTRIX2  35  0.000000 -1.000000  0.000000        0.00000
MTRIX3  35  0.000000  0.000000 -1.000000        0.00000
MTRIX1  36  0.500000 -0.809017  0.309017        0.00000
MTRIX2  36 -0.809017 -0.309017  0.500000        0.00000
MTRIX3  36 -0.309017 -0.500000 -0.809017        0.00000
MTRIX1  37 -0.309017 -0.500000  0.809017        0.00000
MTRIX2  37 -0.500000  0.809017  0.309017        0.00000
MTRIX3  37 -0.809017 -0.309017 -0.500000        0.00000
MTRIX1  38 -0.309017  0.500000  0.809017        0.00000
MTRIX2  38  0.500000  0.809017 -0.309017        0.00000
MTRIX3  38 -0.809017  0.309017 -0.500000        0.00000
MTRIX1  39  0.309017 -0.500000 -0.809017        0.00000
MTRIX2  39 -0.500000 -0.809017  0.309017        0.00000
MTRIX3  39 -0.809017  0.309017 -0.500000        0.00000
MTRIX1  40  0.000000  0.000000  1.000000        0.00000
MTRIX2  40  1.000000  0.000000  0.000000        0.00000
MTRIX3  40  0.000000  1.000000  0.000000        0.00000
MTRIX1  41  0.809017  0.309017 -0.500000        0.00000
MTRIX2  41  0.309017  0.500000  0.809017        0.00000
MTRIX3  41  0.500000 -0.809017  0.309017        0.00000
MTRIX1  42  0.500000 -0.809017 -0.309017        0.00000
MTRIX2  42  0.809017  0.309017  0.500000        0.00000
MTRIX3  42 -0.309017 -0.500000  0.809017        0.00000
MTRIX1  43 -0.500000 -0.809017  0.309017        0.00000
MTRIX2  43  0.809017 -0.309017  0.500000        0.00000
MTRIX3  43 -0.309017  0.500000  0.809017        0.00000
MTRIX1  44 -0.809017  0.309017  0.500000        0.00000
MTRIX2  44  0.309017 -0.500000  0.809017        0.00000
MTRIX3  44  0.500000  0.809017  0.309017        0.00000
MTRIX1  45 -1.000000  0.000000  0.000000        0.00000
MTRIX2  45  0.000000 -1.000000  0.000000        0.00000
MTRIX3  45  0.000000  0.000000  1.000000        0.00000
MTRIX1  46 -0.500000  0.809017 -0.309017        0.00000
MTRIX2  46 -0.809017 -0.309017  0.500000        0.00000
MTRIX3  46  0.309017  0.500000  0.809017        0.00000
MTRIX1  47  0.309017  0.500000 -0.809017        0.00000
MTRIX2  47 -0.500000  0.809017  0.309017        0.00000
MTRIX3  47  0.809017  0.309017  0.500000        0.00000
MTRIX1  48  0.309017 -0.500000 -0.809017        0.00000
MTRIX2  48  0.500000  0.809017 -0.309017        0.00000
MTRIX3  48  0.809017 -0.309017  0.500000        0.00000
MTRIX1  49 -0.500000 -0.809017 -0.309017        0.00000
MTRIX2  49  0.809017 -0.309017 -0.500000        0.00000
MTRIX3  49  0.309017 -0.500000  0.809017        0.00000
MTRIX1  50 -0.309017  0.500000 -0.809017        0.00000
MTRIX2  50 -0.500000 -0.809017 -0.309017        0.00000
MTRIX3  50 -0.809017  0.309017  0.500000        0.00000
MTRIX1  51  0.000000  0.000000 -1.000000        0.00000
MTRIX2  51 -1.000000  0.000000  0.000000        0.00000
MTRIX3  51  0.000000  1.000000  0.000000        0.00000
MTRIX1  52 -0.309017 -0.500000 -0.809017        0.00000
MTRIX2  52 -0.500000  0.809017 -0.309017        0.00000
MTRIX3  52  0.809017  0.309017 -0.500000        0.00000
MTRIX1  53 -0.809017 -0.309017 -0.500000        0.00000
MTRIX2  53  0.309017  0.500000 -0.809017        0.00000
MTRIX3  53  0.500000 -0.809017 -0.309017        0.00000
MTRIX1  54 -0.309017  0.500000 -0.809017        0.00000
MTRIX2  54  0.500000  0.809017  0.309017        0.00000
MTRIX3  54  0.809017 -0.309017 -0.500000        0.00000
MTRIX1  55  0.000000  0.000000 -1.000000        0.00000
MTRIX2  55  1.000000  0.000000  0.000000        0.00000
MTRIX3  55  0.000000 -1.000000  0.000000        0.00000
MTRIX1  56 -0.309017 -0.500000 -0.809017        0.00000
MTRIX2  56  0.500000 -0.809017  0.309017        0.00000
MTRIX3  56 -0.809017 -0.309017  0.500000        0.00000
MTRIX1  57 -0.809017 -0.309017 -0.500000        0.00000
MTRIX2  57 -0.309017 -0.500000  0.809017        0.00000
MTRIX3  57 -0.500000  0.809017  0.309017        0.00000
MTRIX1  58 -0.809017  0.309017 -0.500000        0.00000
MTRIX2  58 -0.309017  0.500000  0.809017        0.00000
MTRIX3  58  0.500000  0.809017 -0.309017        0.00000
MTRIX1  59 -0.809017  0.309017 -0.500000        0.00000
MTRIX2  59  0.309017 -0.500000 -0.809017        0.00000
MTRIX3  59 -0.500000 -0.809017  0.309017        0.00000
MTRIX1  60  0.000000  1.000000  0.000000        0.00000
MTRIX2  60  0.000000  0.000000  1.000000        0.00000
MTRIX3  60  1.000000  0.000000  0.000000        0.00000
