MTRIX1   1  1.000000  0.000000  0.000000        0.00000
MTRIX2   1  0.000000  1.000000  0.000000        0.00000
MTRIX3   1  0.000000  0.000000  1.000000        0.00000
MTRIX1   2  0.457150 -0.852010  0.255150      -36.85520
MTRIX2   2  0.524570  0.489960  0.696250     -158.43650
MTRIX3   2 -0.718220 -0.184440  0.670920       88.45000
MTRIX1   3 -0.421210 -0.003240 -0.906960      227.67180
MTRIX2   3 -0.854000 -0.335300  0.397820      -57.24230
MTRIX3   3 -0.305390  0.942110  0.138470      186.13210
MTRIX1   4  0.457140  0.524570 -0.718220      163.48670
MTRIX2   4 -0.852010  0.489960 -0.184440       62.54160
MTRIX3   4  0.255150  0.696250  0.670920       60.37210
MTRIX1   5 -0.414050 -0.863930 -0.286680       99.79010
MTRIX2   5 -0.863930  0.273790  0.422680      -62.59960
MTRIX3   5 -0.286680  0.422680 -0.859740      392.61410
MTRIX1   6  0.473660 -0.520370 -0.710540      162.27300
MTRIX2   6 -0.840090 -0.024770 -0.541880      136.59670
MTRIX3   6  0.264380  0.853580 -0.448890      291.74440
MTRIX1   7  0.999750  0.001000  0.022330       -4.61590
MTRIX2   7  0.020930  0.309200 -0.950770      196.73700
MTRIX3   7 -0.007850  0.951000  0.309100      142.44370
MTRIX1   8  0.437200 -0.020340  0.899130     -170.24190
MTRIX2   8  0.529230  0.814140 -0.238920       34.71520
MTRIX3   8 -0.727170  0.580310  0.366710      151.04810
MTRIX1   9 -0.436580 -0.554890  0.708160     -105.71820
MTRIX2   9 -0.017630  0.792260  0.609920     -125.56520
MTRIX3   9 -0.899490  0.253800 -0.355670      305.65880
MTRIX1  10 -0.456580 -0.548300  0.700640     -103.60370
MTRIX2  10  0.840620 -0.007960  0.541570     -134.91220
MTRIX3  10 -0.291370  0.836250  0.464540      118.34020
MTRIX1  11 -0.999280 -0.030510 -0.022610       60.92430
MTRIX2  11 -0.030520  0.290720  0.956320     -196.49080
MTRIX3  11 -0.022600  0.956320 -0.291440      267.14480
MTRIX1  12 -0.436590 -0.017640 -0.899490      226.56920
MTRIX2  12 -0.554890  0.792260  0.253800      -36.75280
MTRIX3  12  0.708160  0.609920 -0.355680      260.16720
MTRIX1  13  0.453860 -0.527470 -0.718180      164.41670
MTRIX2  13 -0.007840  0.803580 -0.595140      123.54890
MTRIX3  13  0.891040  0.275740  0.360580      107.05620
MTRIX1  14  0.441500 -0.855430  0.270760      -39.64570
MTRIX2  14  0.854630  0.309010 -0.417290       62.88730
MTRIX3  14  0.273290  0.415630  0.867500       19.40170
MTRIX1  15 -0.453660  0.501450  0.736710     -111.99560
MTRIX2  15 -0.005840  0.824980 -0.565130      117.26480
MTRIX3  15 -0.891150 -0.260680 -0.371330      309.08060
MTRIX1  16 -0.429790 -0.540160  0.723540     -109.10520
MTRIX2  16 -0.861300  0.485760 -0.148970       55.46330
MTRIX3  16 -0.271000 -0.687220 -0.674010      354.62450
MTRIX1  17  0.468220 -0.836150  0.285710      -43.50350
MTRIX2  17 -0.836140 -0.523820 -0.162720       58.41340
MTRIX3  17  0.285710 -0.162710 -0.944400      394.51000
MTRIX1  18  0.999350  0.022540  0.028290       -5.85300
MTRIX2  18  0.034860 -0.808560 -0.587380      122.03810
MTRIX3  18  0.009630  0.587990 -0.808810      373.60850
MTRIX1  19  0.429600  0.849230  0.307020      -48.18210
MTRIX2  19  0.548020  0.025040 -0.836090      158.41230
MTRIX3  19 -0.717720  0.527430 -0.454640      320.80920
MTRIX1  20  0.448360 -0.845620  0.289650      -43.75330
MTRIX2  20  0.013640 -0.317530 -0.948150      196.90650
MTRIX3  20  0.893750  0.429060 -0.130830      208.55980
MTRIX1  21  0.421380 -0.006560  0.906860     -171.40780
MTRIX2  21  0.864150 -0.300430 -0.403710       60.29610
MTRIX3  21  0.275100  0.953780 -0.120930      223.48320
MTRIX1  22 -0.473450  0.496330  0.727670     -109.56420
MTRIX2  22  0.835980  0.513430  0.193720      -63.20750
MTRIX3  22 -0.277460  0.700030 -0.658000      350.37980
MTRIX1  23 -0.999490 -0.031930 -0.000290       56.31180
MTRIX2  23 -0.031930  0.999320  0.018500       -2.93080
MTRIX3  23 -0.000300  0.018500 -0.999830      413.87880
MTRIX1  24 -0.429780 -0.861300 -0.271000       96.98510
MTRIX2  24 -0.540160  0.485760 -0.687220      157.82960
MTRIX3  24  0.723540 -0.148970 -0.674010      326.22600
MTRIX1  25  0.461870  0.540500 -0.703230      160.23820
MTRIX2  25 -0.496440 -0.499500 -0.709960      162.10040
MTRIX3  25 -0.735000  0.677030  0.037620      219.29850
MTRIX1  26  0.446600  0.845390  0.293020      -45.76120
MTRIX2  26 -0.512680  0.510180 -0.690560      157.72800
MTRIX3  26 -0.733290  0.158180  0.661260       90.59630
MTRIX1  27  0.453870 -0.007850  0.891030     -169.04510
MTRIX2  27 -0.527470  0.803580  0.275760      -42.07820
MTRIX3  27 -0.718180 -0.595150  0.360580      153.00900
MTRIX1  28  0.473660 -0.840090  0.264390      -39.24180
MTRIX2  28 -0.520370 -0.024760  0.853580     -161.20070
MTRIX3  28 -0.710530 -0.541890 -0.448890      320.27700
MTRIX1  29  0.478610 -0.501200 -0.720930      164.26610
MTRIX2  29 -0.501200 -0.830110  0.244370      -35.00970
MTRIX3  29 -0.720920  0.244370 -0.648500      361.25030
MTRIX1  30  0.414010  0.860820  0.295950      -45.46270
MTRIX2  30  0.860820 -0.475950  0.180170      -60.31000
MTRIX3  30  0.295950  0.180160 -0.938060      392.63220
MTRIX1  31  0.428270  0.014450  0.903540     -170.93080
MTRIX2  31  0.014450 -0.999850  0.009150       -0.69150
MTRIX3  31  0.903540  0.009130 -0.428410      270.20700
MTRIX1  32 -0.445580 -0.524460  0.725540     -109.08630
MTRIX2  32 -0.524460 -0.503880 -0.686320      157.99980
MTRIX3  32  0.725530 -0.686330 -0.050540      197.56730
MTRIX1  33 -0.999910 -0.011150  0.007950       54.60160
MTRIX2  33 -0.011150  0.326540 -0.945120      196.45720
MTRIX3  33  0.007950 -0.945120 -0.326640      275.09620
MTRIX1  34 -0.468650  0.845000 -0.257560       93.92440
MTRIX2  34  0.845000  0.343810 -0.409590       61.53490
MTRIX3  34 -0.257550 -0.409600 -0.875160      395.65140
MTRIX1  35 -0.999960  0.002870 -0.008540       58.00550
MTRIX2  35  0.002870 -0.797130 -0.603800      126.32860
MTRIX3  35 -0.008540 -0.603800  0.797090       42.72070
MTRIX1  36 -0.448830  0.015860 -0.893470      225.64400
MTRIX2  36  0.855210 -0.282360 -0.434620       66.93230
MTRIX3  36 -0.259180 -0.959180  0.113170      191.59480
MTRIX1  37  0.429590  0.548030 -0.717710      164.13640
MTRIX2  37  0.849230  0.025040  0.527430     -132.25400
MTRIX3  37  0.307020 -0.836080 -0.454650      293.09320
MTRIX1  38  0.421370  0.864160  0.275110      -41.36050
MTRIX2  38 -0.006550 -0.300440  0.953780     -196.16460
MTRIX3  38  0.906870 -0.403700 -0.120930      206.81340
MTRIX1  39 -0.462130  0.527390  0.712950     -106.86120
MTRIX2  39 -0.529490 -0.809010  0.255230      -36.48030
MTRIX3  39  0.711390 -0.259540  0.653120       51.99320
MTRIX1  40  0.448360  0.013650  0.893750     -169.46940
MTRIX2  40 -0.845620 -0.317530  0.429070      -63.95880
MTRIX3  40  0.289650 -0.948150 -0.130830      226.65290
MTRIX1  41 -0.446670  0.520650  0.727610     -110.32420
MTRIX2  41 -0.849750  0.007670 -0.527130      133.79110
MTRIX3  41 -0.280030 -0.853740  0.438990      124.66840
MTRIX1  42 -0.448830  0.855210 -0.259180       93.69290
MTRIX2  42  0.015850 -0.282370 -0.959180      199.09760
MTRIX3  42 -0.893480 -0.434620  0.113180      209.01140
MTRIX1  43  0.444860  0.554970 -0.702930      160.64230
MTRIX2  43  0.554970 -0.786840 -0.269990       41.70930
MTRIX3  43 -0.702930 -0.270000 -0.658020      363.12830
MTRIX1  44  0.999350  0.034860  0.009630       -2.00170
MTRIX2  44  0.022540 -0.808570  0.587970     -120.86640
MTRIX3  44  0.028280 -0.587370 -0.808820      374.03060
MTRIX1  45 -0.456580  0.840620 -0.291370      100.58450
MTRIX2  45 -0.548300 -0.007950  0.836250     -156.84070
MTRIX3  45  0.700650  0.541570  0.464540       90.68070
MTRIX1  46 -0.999560 -0.008850 -0.028170       62.06260
MTRIX2  46 -0.008870 -0.819990  0.572310     -116.73300
MTRIX3  46 -0.028160  0.572310  0.819560       37.67620
MTRIX1  47 -0.441370 -0.845230 -0.301280      103.56370
MTRIX2  47  0.852490 -0.499780  0.153230      -54.47870
MTRIX3  47 -0.280090 -0.189210  0.941140       20.20860
MTRIX1  48  0.446600 -0.512680 -0.733290      167.73670
MTRIX2  48  0.845400  0.510170  0.158190      -56.11850
MTRIX3  48  0.293000 -0.690570  0.661260       62.42240
MTRIX1  49  0.437190  0.529240 -0.727170      165.89660
MTRIX2  49 -0.020330  0.814140  0.580310     -119.38020
MTRIX3  49  0.899140 -0.238920  0.366700      105.97540
MTRIX1  50  0.461870 -0.496450 -0.734990      167.64440
MTRIX2  50  0.540490 -0.499490  0.677030     -154.11110
MTRIX3  50 -0.703240 -0.709960  0.037620      219.51810
MTRIX1  51  0.999750  0.020930 -0.007860        1.61620
MTRIX2  51  0.001000  0.309190  0.951000     -196.29120
MTRIX3  51  0.022340 -0.950770  0.309090      143.12460
MTRIX1  52  0.441510  0.854630  0.273280      -41.53870
MTRIX2  52 -0.855430  0.309010  0.415640      -61.41060
MTRIX3  52  0.270770 -0.417280  0.867500       20.14180
MTRIX1  53 -0.441370  0.852490 -0.280090       97.81350
MTRIX2  53 -0.845240 -0.499780 -0.189200       64.13030
MTRIX3  53 -0.301270  0.153240  0.941140       20.52830
MTRIX1  54 -0.428780  0.017470 -0.903240      227.09910
MTRIX2  54  0.017490 -0.999460 -0.027640        6.83730
MTRIX3  54 -0.903240 -0.027650  0.428240      143.75210
MTRIX1  55 -0.453660 -0.005850 -0.891160      225.31610
MTRIX2  55  0.501440  0.824990 -0.260680       39.98980
MTRIX3  55  0.736720 -0.565120 -0.371330      263.54680
MTRIX1  56 -0.421210 -0.854000 -0.305380      103.85500
MTRIX2  56 -0.003240 -0.335290  0.942110     -193.81540
MTRIX3  56 -0.906960  0.397820  0.138470      203.48630
MTRIX1  57 -0.473450  0.835980 -0.277440       98.18050
MTRIX2  57  0.496330  0.513420  0.700040     -158.44630
MTRIX3  57  0.727670  0.193730 -0.658000      322.52240
MTRIX1  58 -0.478700  0.512350  0.712980     -106.38960
MTRIX2  58  0.512350 -0.496440  0.700740     -158.23250
MTRIX3  58  0.712980  0.700740 -0.024860      191.49000
MTRIX1  59 -0.462130 -0.529490  0.711390     -105.68660
MTRIX2  59  0.527390 -0.809010 -0.259550       40.34140
MTRIX3  59  0.712950  0.255230  0.653110       51.53690
MTRIX1  60 -0.446660 -0.849750 -0.280020       99.31650
MTRIX2  60  0.520640  0.007670 -0.853740      162.84790
MTRIX3  60  0.727610 -0.527130  0.438990       96.06770
