loop_
_pdbx_struct_oper_list.id
_pdbx_struct_oper_list.type
_pdbx_struct_oper_list.name
_pdbx_struct_oper_list.matrix[1][1]
_pdbx_struct_oper_list.matrix[1][2]
_pdbx_struct_oper_list.matrix[1][3]
_pdbx_struct_oper_list.vector[1]
_pdbx_struct_oper_list.matrix[2][1]
_pdbx_struct_oper_list.matrix[2][2]
_pdbx_struct_oper_list.matrix[2][3]
_pdbx_struct_oper_list.vector[2]
_pdbx_struct_oper_list.matrix[3][1]
_pdbx_struct_oper_list.matrix[3][2]
_pdbx_struct_oper_list.matrix[3][3]
_pdbx_struct_oper_list.vector[3]
1 "general operation" . 
    1.00000000    0.00000000    0.00000000       0.00000
    0.00000000    1.00000000    0.00000000       0.00000
    0.00000000    0.00000000    1.00000000       0.00000
2 "general operation" . 
    0.45715000   -0.85201000    0.25515000     -36.85520
    0.52457000    0.48996000    0.69625000    -158.43650
   -0.71822000   -0.18444000    0.67092000      88.45000
3 "general operation" . 
   -0.42121000   -0.00324000   -0.90696000     227.67180
   -0.85400000   -0.33530000    0.39782000     -57.24230
   -0.30539000    0.94211000    0.13847000     186.13210
4 "general operation" . 
    0.45714000    0.52457000   -0.71822000     163.48670
   -0.85201000    0.48996000   -0.18444000      62.54160
    0.25515000    0.69625000    0.67092000      60.37210
5 "general operation" . 
   -0.41405000   -0.86393000   -0.28668000      99.79010
   -0.86393000    0.27379000    0.42268000     -62.59960
   -0.28668000    0.42268000   -0.85974000     392.61410
6 "general operation" . 
    0.47366000   -0.52037000   -0.71054000     162.27300
   -0.84009000   -0.02477000   -0.54188000     136.59670
    0.26438000    0.85358000   -0.44889000     291.74440
7 "general operation" . 
    0.99975000    0.00100000    0.02233000      -4.61590
    0.02093000    0.30920000   -0.95077000     196.73700
   -0.00785000    0.95100000    0.30910000     142.44370
8 "general operation" . 
    0.43720000   -0.02034000    0.89913000    -170.24190
    0.52923000    0.81414000   -0.23892000      34.71520
   -0.72717000    0.58031000    0.36671000     151.04810
9 "general operation" . 
   -0.43658000   -0.55489000    0.70816000    -105.71820
   -0.01763000    0.79226000    0.60992000    -125.56520
   -0.89949000    0.25380000   -0.35567000     305.65880
10 "general operation" . 
   -0.45658000   -0.54830000    0.70064000    -103.60370
    0.84062000   -0.00796000    0.54157000    -134.91220
   -0.29137000    0.83625000    0.46454000     118.34020
11 "general operation" . 
   -0.99928000   -0.03051000   -0.02261000      60.92430
   -0.03052000    0.29072000    0.95632000    -196.49080
   -0.02260000    0.95632000   -0.29144000     267.14480
12 "general operation" . 
   -0.43659000   -0.01764000   -0.89949000     226.56920
   -0.55489000    0.79226000    0.25380000     -36.75280
    0.70816000    0.60992000   -0.35568000     260.16720
13 "general operation" . 
    0.45386000   -0.52747000   -0.71818000     164.41670
   -0.00784000    0.80358000   -0.59514000     123.54890
    0.89104000    0.27574000    0.36058000     107.05620
14 "general operation" . 
    0.44150000   -0.85543000    0.27076000     -39.64570
    0.85463000    0.30901000   -0.41729000      62.88730
    0.27329000    0.41563000    0.86750000      19.40170
15 "general operation" . 
   -0.45366000    0.50145000    0.73671000    -111.99560
   -0.00584000    0.82498000   -0.56513000     117.26480
   -0.89115000   -0.26068000   -0.37133000     309.08060
16 "general operation" . 
   -0.42979000   -0.54016000    0.72354000    -109.10520
   -0.86130000    0.48576000   -0.14897000      55.46330
   -0.27100000   -0.68722000   -0.67401000     354.62450
17 "general operation" . 
    0.46822000   -0.83615000    0.28571000     -43.50350
   -0.83614000   -0.52382000   -0.16272000      58.41340
    0.28571000   -0.16271000   -0.94440000     394.51000
18 "general operation" . 
    0.99935000    0.02254000    0.02829000      -5.85300
    0.03486000   -0.80856000   -0.58738000     122.03810
    0.00963000    0.58799000   -0.80881000     373.60850
19 "general operation" . 
    0.42960000    0.84923000    0.30702000     -48.18210
    0.54802000    0.02504000   -0.83609000     158.41230
   -0.71772000    0.52743000   -0.45464000     320.80920
20 "general operation" . 
    0.44836000   -0.84562000    0.28965000     -43.75330
    0.01364000   -0.31753000   -0.94815000     196.90650
    0.89375000    0.42906000   -0.13083000     208.55980
21 "general operation" . 
    0.42138000   -0.00656000    0.90686000    -171.40780
    0.86415000   -0.30043000   -0.40371000      60.29610
    0.27510000    0.95378000   -0.12093000     223.48320
22 "general operation" . 
   -0.47345000    0.49633000    0.72767000    -109.56420
    0.83598000    0.51343000    0.19372000     -63.20750
   -0.27746000    0.70003000   -0.65800000     350.37980
23 "general operation" . 
   -0.99949000   -0.03193000   -0.00029000      56.31180
   -0.03193000    0.99932000    0.01850000      -2.93080
   -0.00030000    0.01850000   -0.99983000     413.87880
24 "general operation" . 
   -0.42978000   -0.86130000   -0.27100000      96.98510
   -0.54016000    0.48576000   -0.68722000     157.82960
    0.72354000   -0.14897000   -0.67401000     326.22600
25 "general operation" . 
    0.46187000    0.54050000   -0.70323000     160.23820
   -0.49644000   -0.49950000   -0.70996000     162.10040
   -0.73500000    0.67703000    0.03762000     219.29850
26 "general operation" . 
    0.44660000    0.84539000    0.29302000     -45.76120
   -0.51268000    0.51018000   -0.69056000     157.72800
   -0.73329000    0.15818000    0.66126000      90.59630
27 "general operation" . 
    0.45387000   -0.00785000    0.89103000    -169.04510
   -0.52747000    0.80358000    0.27576000     -42.07820
   -0.71818000   -0.59515000    0.36058000     153.00900
28 "general operation" . 
    0.47366000   -0.84009000    0.26439000     -39.24180
   -0.52037000   -0.02476000    0.85358000    -161.20070
   -0.71053000   -0.54189000   -0.44889000     320.27700
29 "general operation" . 
    0.47861000   -0.50120000   -0.72093000     164.26610
   -0.50120000   -0.83011000    0.24437000     -35.00970
   -0.72092000    0.24437000   -0.64850000     361.25030
30 "general operation" . 
    0.41401000    0.86082000    0.29595000     -45.46270
    0.86082000   -0.47595000    0.18017000     -60.31000
    0.29595000    0.18016000   -0.93806000     392.63220
31 "general operation" . 
    0.42827000    0.01445000    0.90354000    -170.93080
    0.01445000   -0.99985000    0.00915000      -0.69150
    0.90354000    0.00913000   -0.42841000     270.20700
32 "general operation" . 
   -0.44558000   -0.52446000    0.72554000    -109.08630
   -0.52446000   -0.50388000   -0.68632000     157.99980
    0.72553000   -0.68633000   -0.05054000     197.56730
33 "general operation" . 
   -0.99991000   -0.01115000    0.00795000      54.60160
   -0.01115000    0.32654000   -0.94512000     196.45720
    0.00795000   -0.94512000   -0.32664000     275.09620
34 "general operation" . 
   -0.46865000    0.84500000   -0.25756000      93.92440
    0.84500000    0.34381000   -0.40959000      61.53490
   -0.25755000   -0.40960000   -0.87516000     395.65140
35 "general operation" . 
   -0.99996000    0.00287000   -0.00854000      58.00550
    0.00287000   -0.79713000   -0.60380000     126.32860
   -0.00854000   -0.60380000    0.79709000      42.72070
36 "general operation" . 
   -0.44883000    0.01586000   -0.89347000     225.64400
    0.85521000   -0.28236000   -0.43462000      66.93230
   -0.25918000   -0.95918000    0.11317000     191.59480
37 "general operation" . 
    0.42959000    0.54803000   -0.71771000     164.13640
    0.84923000    0.02504000    0.52743000    -132.25400
    0.30702000   -0.83608000   -0.45465000     293.09320
38 "general operation" . 
    0.42137000    0.86416000    0.27511000     -41.36050
   -0.00655000   -0.30044000    0.95378000    -196.16460
    0.90687000   -0.40370000   -0.12093000     206.81340
39 "general operation" . 
   -0.46213000    0.52739000    0.71295000    -106.86120
   -0.52949000   -0.80901000    0.25523000     -36.48030
    0.71139000   -0.25954000    0.65312000      51.99320
40 "general operation" . 
    0.44836000    0.01365000    0.89375000    -169.46940
   -0.84562000   -0.31753000    0.42907000     -63.95880
    0.28965000   -0.94815000   -0.13083000     226.65290
41 "general operation" . 
   -0.44667000    0.52065000    0.72761000    -110.32420
   -0.84975000    0.00767000   -0.52713000     133.79110
   -0.28003000   -0.85374000    0.43899000     124.66840
42 "general operation" . 
   -0.44883000    0.85521000   -0.25918000      93.69290
    0.01585000   -0.28237000   -0.95918000     199.09760
   -0.89348000   -0.43462000    0.11318000     209.01140
43 "general operation" . 
    0.44486000    0.55497000   -0.70293000     160.64230
    0.55497000   -0.78684000   -0.26999000      41.70930
   -0.70293000   -0.27000000   -0.65802000     363.12830
44 "general operation" . 
    0.99935000    0.03486000    0.00963000      -2.00170
    0.02254000   -0.80857000    0.58797000    -120.86640
    0.02828000   -0.58737000   -0.80882000     374.03060
45 "general operation" . 
   -0.45658000    0.84062000   -0.29137000     100.58450
   -0.54830000   -0.00795000    0.83625000    -156.84070
    0.70065000    0.54157000    0.46454000      90.68070
46 "general operation" . 
   -0.99956000   -0.00885000   -0.02817000      62.06260
   -0.00887000   -0.81999000    0.57231000    -116.73300
   -0.02816000    0.57231000    0.81956000      37.67620
47 "general operation" . 
   -0.44137000   -0.84523000   -0.30128000     103.56370
    0.85249000   -0.49978000    0.15323000     -54.47870
   -0.28009000   -0.18921000    0.94114000      20.20860
48 "general operation" . 
    0.44660000   -0.51268000   -0.73329000     167.73670
    0.84540000    0.51017000    0.15819000     -56.11850
    0.29300000   -0.69057000    0.66126000      62.42240
49 "general operation" . 
    0.43719000    0.52924000   -0.72717000     165.89660
   -0.02033000    0.81414000    0.58031000    -119.38020
    0.89914000   -0.23892000    0.36670000     105.97540
50 "general operation" . 
    0.46187000   -0.49645000   -0.73499000     167.64440
    0.54049000   -0.49949000    0.67703000    -154.11110
   -0.70324000   -0.70996000    0.03762000     219.51810
51 "general operation" . 
    0.99975000    0.02093000   -0.00786000       1.61620
    0.00100000    0.30919000    0.95100000    -196.29120
    0.02234000   -0.95077000    0.30909000     143.12460
52 "general operation" . 
    0.44151000    0.85463000    0.27328000     -41.53870
   -0.85543000    0.30901000    0.41564000     -61.41060
    0.27077000   -0.41728000    0.86750000      20.14180
53 "general operation" . 
   -0.44137000    0.85249000   -0.28009000      97.81350
   -0.84524000   -0.49978000   -0.18920000      64.13030
   -0.30127000    0.15324000    0.94114000      20.52830
54 "general operation" . 
   -0.42878000    0.01747000   -0.90324000     227.09910
    0.01749000   -0.99946000   -0.02764000       6.83730
   -0.90324000   -0.02765000    0.42824000     143.75210
55 "general operation" . 
   -0.45366000   -0.00585000   -0.89116000     225.31610
    0.50144000    0.82499000   -0.26068000      39.98980
    0.73672000   -0.56512000   -0.37133000     263.54680
56 "general operation" . 
   -0.42121000   -0.85400000   -0.30538000     103.85500
   -0.00324000   -0.33529000    0.94211000    -193.81540
   -0.90696000    0.39782000    0.13847000     203.48630
57 "general operation" . 
   -0.47345000    0.83598000   -0.27744000      98.18050
    0.49633000    0.51342000    0.70004000    -158.44630
    0.72767000    0.19373000   -0.65800000     322.52240
58 "general operation" . 
   -0.47870000    0.51235000    0.71298000    -106.38960
    0.51235000   -0.49644000    0.70074000    -158.23250
    0.71298000    0.70074000   -0.02486000     191.49000
59 "general operation" . 
   -0.46213000   -0.52949000    0.71139000    -105.68660
    0.52739000   -0.80901000   -0.25955000      40.34140
    0.71295000    0.25523000    0.65311000      51.53690
60 "general operation" . 
   -0.44666000   -0.84975000   -0.28002000      99.31650
    0.52064000    0.00767000   -0.85374000     162.84790
    0.72761000   -0.52713000    0.43899000      96.06770
