MTRIX1   1  1.000000  0.000000  0.000000        0.00000
MTRIX2   1  0.000000  1.000000  0.000000        0.00000
MTRIX3   1  0.000000  0.000000  1.000000        0.00000
MTRIX1   2  0.309017 -0.951057  0.000000        0.00000
MTRIX2   2  0.951057  0.309017 -0.000000        0.00000
MTRIX3   2  0.000000  0.000000  1.000000        0.00000
MTRIX1   3 -0.809017 -0.587785  0.000000        0.00000
MTRIX2   3  0.587785 -0.809017 -0.000000        0.00000
MTRIX3   3  0.000000  0.000000  1.000000        0.00000
MTRIX1   4 -0.809017  0.587785  0.000000        0.00000
MTRIX2   4 -0.587785 -0.809017  0.000000        0.00000
MTRIX3   4  0.000000 -0.000000  1.000000        0.00000
MTRIX1   5  0.309017  0.951057  0.000000        0.00000
MTRIX2   5 -0.951057  0.309017  0.000000        0.00000
MTRIX3   5  0.000000 -0.000000  1.000000        0.00000
MTRIX1   6 -0.638197  0.262865 -0.723607        0.00000
MTRIX2   6  0.262866 -0.809017 -0.525731        0.00000
MTRIX3   6 -0.723607 -0.525731  0.447214        0.00000
MTRIX1   7  0.052786  0.688191 -0.723607        0.00000
MTRIX2   7 -0.688191 -0.500000 -0.525731        0.00000
MTRIX3   7 -0.723607  0.525731  0.447214        0.00000
MTRIX1   8  0.670820  0.162460 -0.723607        0.00000
MTRIX2   8 -0.688191  0.500000 -0.525731        0.00000
MTRIX3   8  0.276393  0.850651  0.447214        0.00000
MTRIX1   9  0.361803 -0.587785 -0.723607        0.00000
MTRIX2   9  0.262865  0.809017 -0.525731        0.00000
MTRIX3   9  0.894427  0.000000  0.447214        0.00000
MTRIX1  10 -0.447214 -0.525731 -0.723607        0.00000
MTRIX2  10  0.850651  0.000000 -0.525731        0.00000
MTRIX3  10  0.276393 -0.850651  0.447214        0.00000
MTRIX1  11 -0.052786  0.688191  0.723607        0.00000
MTRIX2  11  0.688191 -0.500000  0.525731        0.00000
MTRIX3  11  0.723607  0.525731 -0.447214        0.00000
MTRIX1  12  0.638197  0.262866  0.723607        0.00000
MTRIX2  12 -0.262866 -0.809017  0.525731        0.00000
MTRIX3  12  0.723607 -0.525731 -0.447214        0.00000
MTRIX1  13  0.447214 -0.525731  0.723607        0.00000
MTRIX2  13 -0.850651  0.000000  0.525731        0.00000
MTRIX3  13 -0.276393 -0.850651 -0.447214        0.00000
MTRIX1  14 -0.361803 -0.587785  0.723607        0.00000
MTRIX2  14 -0.262865  0.809017  0.525731        0.00000
MTRIX3  14 -0.894427  0.000000 -0.447214        0.00000
MTRIX1  15 -0.670820  0.162460  0.723607        0.00000
MTRIX2  15  0.688191  0.500000  0.525731        0.00000
MTRIX3  15 -0.276393  0.850651 -0.447214        0.00000
MTRIX1  16 -0.309017 -0.951057 -0.000000        0.00000
MTRIX2  16 -0.951057  0.309017  0.000000        0.00000
MTRIX3  16 -0.000000  0.000000 -1.000000        0.00000
MTRIX1  17 -1.000000  0.000000  0.000000        0.00000
MTRIX2  17  0.000000  1.000000  0.000000        0.00000
MTRIX3  17  0.000000  0.000000 -1.000000        0.00000
MTRIX1  18 -0.309017  0.951057 -0.000000        0.00000
MTRIX2  18  0.951057  0.309017 -0.000000        0.00000
MTRIX3  18 -0.000000 -0.000000 -1.000000        0.00000
MTRIX1  19  0.809017  0.587785 -0.000000        0.00000
MTRIX2  19  0.587785 -0.809017 -0.000000        0.00000
MTRIX3  19 -0.000000 -0.000000 -1.000000        0.00000
MTRIX1  20  0.809017 -0.587785 -0.000000        0.00000
MTRIX2  20 -0.587785 -0.809017  0.000000        0.00000
MTRIX3  20 -0.000000  0.000000 -1.000000        0.00000
MTRIX1  21 -0.138196 -0.951057  0.276393        0.00000
MTRIX2  21  0.425325 -0.309017 -0.850651        0.00000
MTRIX3  21  0.894427  0.000000  0.447213        0.00000
MTRIX1  22 -0.947214 -0.162460  0.276393        0.00000
MTRIX2  22 -0.162460 -0.500000 -0.850651        0.00000
MTRIX3  22  0.276393 -0.850651  0.447214        0.00000
MTRIX1  23 -0.447214  0.850651  0.276393        0.00000
MTRIX2  23 -0.525731  0.000000 -0.850651        0.00000
MTRIX3  23 -0.723607 -0.525731  0.447214        0.00000
MTRIX1  24  0.670820  0.688191  0.276393        0.00000
MTRIX2  24 -0.162460  0.500000 -0.850651        0.00000
MTRIX3  24 -0.723607  0.525731  0.447214        0.00000
MTRIX1  25  0.861803 -0.425325  0.276393        0.00000
MTRIX2  25  0.425325  0.309017 -0.850651        0.00000
MTRIX3  25  0.276393  0.850651  0.447214        0.00000
MTRIX1  26 -0.361803  0.587785  0.723607        0.00000
MTRIX2  26  0.262866  0.809017 -0.525731        0.00000
MTRIX3  26 -0.894427 -0.000000 -0.447214        0.00000
MTRIX1  27  0.447214  0.525731  0.723607        0.00000
MTRIX2  27  0.850651  0.000000 -0.525731        0.00000
MTRIX3  27 -0.276393  0.850651 -0.447214        0.00000
MTRIX1  28  0.638197 -0.262865  0.723607        0.00000
MTRIX2  28  0.262865 -0.809017 -0.525731        0.00000
MTRIX3  28  0.723607  0.525731 -0.447214        0.00000
MTRIX1  29 -0.052786 -0.688191  0.723607        0.00000
MTRIX2  29 -0.688191 -0.500000 -0.525731        0.00000
MTRIX3  29  0.723607 -0.525731 -0.447214        0.00000
MTRIX1  30 -0.670820 -0.162460  0.723607        0.00000
MTRIX2  30 -0.688191  0.500000 -0.525731        0.00000
MTRIX3  30 -0.276393 -0.850651 -0.447214        0.00000
MTRIX1  31 -0.447214  0.525731 -0.723607        0.00000
MTRIX2  31 -0.850651  0.000000  0.525731        0.00000
MTRIX3  31  0.276393  0.850651  0.447214        0.00000
MTRIX1  32  0.361803  0.587785 -0.723607        0.00000
MTRIX2  32 -0.262866  0.809017  0.525731        0.00000
MTRIX3  32  0.894427 -0.000000  0.447214        0.00000
MTRIX1  33  0.670820 -0.162460 -0.723607        0.00000
MTRIX2  33  0.688191  0.500000  0.525731        0.00000
MTRIX3  33  0.276393 -0.850651  0.447214        0.00000
MTRIX1  34  0.052786 -0.688191 -0.723607        0.00000
MTRIX2  34  0.688191 -0.500000  0.525731        0.00000
MTRIX3  34 -0.723607 -0.525731  0.447214        0.00000
MTRIX1  35 -0.638197 -0.262866 -0.723607        0.00000
MTRIX2  35 -0.262865 -0.809017  0.525731        0.00000
MTRIX3  35 -0.723607  0.525731  0.447214        0.00000
MTRIX1  36  0.947214 -0.162460 -0.276393        0.00000
MTRIX2  36  0.162460 -0.500000  0.850651        0.00000
MTRIX3  36 -0.276393 -0.850651 -0.447214        0.00000
MTRIX1  37  0.138196 -0.951057 -0.276393        0.00000
MTRIX2  37 -0.425325 -0.309017  0.850651        0.00000
MTRIX3  37 -0.894427  0.000000 -0.447213        0.00000
MTRIX1  38 -0.861803 -0.425325 -0.276393        0.00000
MTRIX2  38 -0.425325  0.309017  0.850651        0.00000
MTRIX3  38 -0.276393  0.850651 -0.447214        0.00000
MTRIX1  39 -0.670820  0.688191 -0.276393        0.00000
MTRIX2  39  0.162460  0.500000  0.850651        0.00000
MTRIX3  39  0.723607  0.525731 -0.447214        0.00000
MTRIX1  40  0.447214  0.850651 -0.276393        0.00000
MTRIX2  40  0.525731  0.000000  0.850651        0.00000
MTRIX3  40  0.723607 -0.525731 -0.447214        0.00000
MTRIX1  41 -0.138196  0.425325  0.894427        0.00000
MTRIX2  41 -0.951057 -0.309017  0.000000        0.00000
MTRIX3  41  0.276393 -0.850651  0.447213        0.00000
MTRIX1  42  0.361803  0.262866  0.894427        0.00000
MTRIX2  42 -0.587785  0.809017  0.000000        0.00000
MTRIX3  42 -0.723607 -0.525731  0.447214        0.00000
MTRIX1  43  0.361803 -0.262865  0.894427        0.00000
MTRIX2  43  0.587785  0.809017 -0.000000        0.00000
MTRIX3  43 -0.723607  0.525731  0.447214        0.00000
MTRIX1  44 -0.138196 -0.425325  0.894427        0.00000
MTRIX2  44  0.951057 -0.309017 -0.000000        0.00000
MTRIX3  44  0.276393  0.850651  0.447213        0.00000
MTRIX1  45 -0.447213  0.000000  0.894427        0.00000
MTRIX2  45  0.000000 -1.000000  0.000000        0.00000
MTRIX3  45  0.894427  0.000000  0.447213        0.00000
MTRIX1  46 -0.447214 -0.850651  0.276393        0.00000
MTRIX2  46  0.525731  0.000000  0.850651        0.00000
MTRIX3  46 -0.723607  0.525731  0.447214        0.00000
MTRIX1  47 -0.947214  0.162460  0.276393        0.00000
MTRIX2  47  0.162460 -0.500000  0.850651        0.00000
MTRIX3  47  0.276393  0.850651  0.447214        0.00000
MTRIX1  48 -0.138196  0.951057  0.276393        0.00000
MTRIX2  48 -0.425325 -0.309017  0.850651        0.00000
MTRIX3  48  0.894427 -0.000000  0.447213        0.00000
MTRIX1  49  0.861803  0.425325  0.276393        0.00000
MTRIX2  49 -0.425325  0.309017  0.850651        0.00000
MTRIX3  49  0.276393 -0.850651  0.447214        0.00000
MTRIX1  50  0.670820 -0.688191  0.276393        0.00000
MTRIX2  50  0.162460  0.500000  0.850651        0.00000
MTRIX3  50 -0.723607 -0.525731  0.447214        0.00000
MTRIX1  51  0.947214  0.162460 -0.276393        0.00000
MTRIX2  51 -0.162460 -0.500000 -0.850651        0.00000
MTRIX3  51 -0.276393  0.850651 -0.447214        0.00000
MTRIX1  52  0.447214 -0.850651 -0.276393        0.00000
MTRIX2  52 -0.525731  0.000000 -0.850651        0.00000
MTRIX3  52  0.723607  0.525731 -0.447214        0.00000
MTRIX1  53 -0.670820 -0.688191 -0.276393        0.00000
MTRIX2  53 -0.162460  0.500000 -0.850651        0.00000
MTRIX3  53  0.723607 -0.525731 -0.447214        0.00000
MTRIX1  54 -0.861803  0.425325 -0.276393        0.00000
MTRIX2  54  0.425325  0.309017 -0.850651        0.00000
MTRIX3  54 -0.276393 -0.850651 -0.447214        0.00000
MTRIX1  55  0.138196  0.951057 -0.276393        0.00000
MTRIX2  55  0.425325 -0.309017 -0.850651        0.00000
MTRIX3  55 -0.894427 -0.000000 -0.447213        0.00000
MTRIX1  56 -0.361803  0.262865 -0.894427        0.00000
MTRIX2  56  0.587785  0.809017 -0.000000        0.00000
MTRIX3  56  0.723607 -0.525731 -0.447214        0.00000
MTRIX1  57  0.138196  0.425325 -0.894427        0.00000
MTRIX2  57  0.951057 -0.309017 -0.000000        0.00000
MTRIX3  57 -0.276393 -0.850651 -0.447213        0.00000
MTRIX1  58  0.447213  0.000000 -0.894427        0.00000
MTRIX2  58  0.000000 -1.000000  0.000000        0.00000
MTRIX3  58 -0.894427  0.000000 -0.447213        0.00000
MTRIX1  59  0.138196 -0.425325 -0.894427        0.00000
MTRIX2  59 -0.951057 -0.309017  0.000000        0.00000
MTRIX3  59 -0.276393  0.850651 -0.447213        0.00000
MTRIX1  60 -0.361803 -0.262866 -0.894427        0.00000
MTRIX2  60 -0.587785  0.809017  0.000000        0.00000
MTRIX3  60  0.723607  0.525731 -0.447214        0.00000
