MTRIX1   1  1.000000   .000000   .000000        0.00000                 2STV 164
MTRIX2   1   .000000  1.000000   .000000        0.00000                 2STV 165
MTRIX3   1   .000000   .000000  1.000000        0.00000                 2STV 166
MTRIX1   2   .809017   .309017   .500000        0.00000                 2STV 167
MTRIX2   2  -.309017  -.500000   .809017        0.00000                 2STV 168
MTRIX3   2   .500000  -.809017  -.309017        0.00000                 2STV 169
MTRIX1   3  1.000000  0.000000  0.000000        0.00000                 2STV 170
MTRIX2   3  0.000000 -1.000000  0.000000        0.00000                 2STV 171
MTRIX3   3  0.000000  0.000000 -1.000000        0.00000                 2STV 172
MTRIX1   4   .809017  -.309017   .500000        0.00000                 2STV 173
MTRIX2   4  -.309017   .500000   .809017        0.00000                 2STV 174
MTRIX3   4  -.500000  -.809017   .309017        0.00000                 2STV 175
MTRIX1   5   .809017   .309017   .500000        0.00000                 2STV 176
MTRIX2   5   .309017   .500000  -.809017        0.00000                 2STV 177
MTRIX3   5  -.500000   .809017   .309017        0.00000                 2STV 178
MTRIX1   6   .500000  -.809017  -.309017        0.00000                 2STV 179
MTRIX2   6   .809017   .309017   .500000        0.00000                 2STV 180
MTRIX3   6  -.309017  -.500000   .809017        0.00000                 2STV 181
MTRIX1   7  -.000000   .000000  1.000000        0.00000                 2STV 182
MTRIX2   7  1.000000  0.000000   .000000        0.00000                 2STV 183
MTRIX3   7  0.000000  1.000000  -.000000        0.00000                 2STV 184
MTRIX1   8   .500000   .809017  -.309017        0.00000                 2STV 185
MTRIX2   8   .809017  -.309017   .500000        0.00000                 2STV 186
MTRIX3   8   .309017  -.500000  -.809017        0.00000                 2STV 187
MTRIX1   9   .500000   .809017   .309017        0.00000                 2STV 188
MTRIX2   9   .809017  -.309017  -.500000        0.00000                 2STV 189
MTRIX3   9  -.309017   .500000  -.809017        0.00000                 2STV 190
MTRIX1  10   .809017  -.309017  -.500000        0.00000                 2STV 191
MTRIX2  10   .309017  -.500000   .809017        0.00000                 2STV 192
MTRIX3  10  -.500000  -.809017  -.309017        0.00000                 2STV 193
MTRIX1  11   .309017  -.500000   .809017        0.00000                 2STV 194
MTRIX2  11   .500000   .809017   .309017        0.00000                 2STV 195
MTRIX3  11  -.809017   .309017   .500000        0.00000                 2STV 196
MTRIX1  12  -.309017  -.500000  -.809017        0.00000                 2STV 197
MTRIX2  12   .500000  -.809017   .309017        0.00000                 2STV 198
MTRIX3  12  -.809017  -.309017   .500000        0.00000                 2STV 199
MTRIX1  13  -.809017  -.309017   .500000        0.00000                 2STV 200
MTRIX2  13   .309017   .500000   .809017        0.00000                 2STV 201
MTRIX3  13  -.500000   .809017  -.309017        0.00000                 2STV 202
MTRIX1  14  -.500000   .809017  -.309017        0.00000                 2STV 203
MTRIX2  14   .809017   .309017  -.500000        0.00000                 2STV 204
MTRIX3  14  -.309017  -.500000  -.809017        0.00000                 2STV 205
MTRIX1  15  -.309017   .500000   .809017        0.00000                 2STV 206
MTRIX2  15   .500000   .809017  -.309017        0.00000                 2STV 207
MTRIX3  15  -.809017   .309017  -.500000        0.00000                 2STV 208
MTRIX1  16   .309017   .500000  -.809017        0.00000                 2STV 209
MTRIX2  16   .500000  -.809017  -.309017        0.00000                 2STV 210
MTRIX3  16  -.809017  -.309017  -.500000        0.00000                 2STV 211
MTRIX1  17  -.000000 -1.000000   .000000        0.00000                 2STV 212
MTRIX2  17  -.000000   .000000  1.000000        0.00000                 2STV 213
MTRIX3  17 -1.000000   .000000  -.000000        0.00000                 2STV 214
MTRIX1  18  -.309017   .500000  -.809017        0.00000                 2STV 215
MTRIX2  18  -.500000  -.809017  -.309017        0.00000                 2STV 216
MTRIX3  18  -.809017   .309017   .500000        0.00000                 2STV 217
MTRIX1  19  -.500000  -.809017  -.309017        0.00000                 2STV 218
MTRIX2  19  -.809017   .309017   .500000        0.00000                 2STV 219
MTRIX3  19  -.309017   .500000  -.809017        0.00000                 2STV 220
MTRIX1  20  -.809017   .309017   .500000        0.00000                 2STV 221
MTRIX2  20  -.309017   .500000  -.809017        0.00000                 2STV 222
MTRIX3  20  -.500000  -.809017  -.309017        0.00000                 2STV 223
MTRIX1  21  -.309017  -.500000   .809017        0.00000                 2STV 224
MTRIX2  21  -.500000   .809017   .309017        0.00000                 2STV 225
MTRIX3  21  -.809017  -.309017  -.500000        0.00000                 2STV 226
MTRIX1  22   .000000  1.000000   .000000        0.00000                 2STV 227
MTRIX2  22  -.000000   .000000 -1.000000        0.00000                 2STV 228
MTRIX3  22 -1.000000   .000000   .000000        0.00000                 2STV 229
MTRIX1  23   .309017  -.500000  -.809017        0.00000                 2STV 230
MTRIX2  23  -.500000  -.809017   .309017        0.00000                 2STV 231
MTRIX3  23  -.809017   .309017  -.500000        0.00000                 2STV 232
MTRIX1  24   .500000   .809017  -.309017        0.00000                 2STV 233
MTRIX2  24  -.809017   .309018  -.500000        0.00000                 2STV 234
MTRIX3  24  -.309017   .500000   .809017        0.00000                 2STV 235
MTRIX1  25   .500000  -.809017  -.309017        0.00000                 2STV 236
MTRIX2  25  -.809017  -.309017  -.500000        0.00000                 2STV 237
MTRIX3  25   .309017   .500000  -.809017        0.00000                 2STV 238
MTRIX1  26   .000000   .000000  1.000000        0.00000                 2STV 239
MTRIX2  26 -1.000000  -.000000   .000000        0.00000                 2STV 240
MTRIX3  26   .000000 -1.000000   .000000        0.00000                 2STV 241
MTRIX1  27   .500000  -.809017   .309017        0.00000                 2STV 242
MTRIX2  27  -.809017  -.309018   .500000        0.00000                 2STV 243
MTRIX3  27  -.309017  -.500000  -.809017        0.00000                 2STV 244
MTRIX1  28   .309017   .500000   .809017        0.00000                 2STV 245
MTRIX2  28  -.500000   .809017  -.309017        0.00000                 2STV 246
MTRIX3  28  -.809017  -.309017   .500000        0.00000                 2STV 247
MTRIX1  29   .809017   .309017  -.500000        0.00000                 2STV 248
MTRIX2  29  -.309017  -.500000  -.809017        0.00000                 2STV 249
MTRIX3  29  -.500000   .809017  -.309017        0.00000                 2STV 250
MTRIX1  30 -1.000000  0.000000  0.000000        0.00000                 2STV 251
MTRIX2  30  0.000000  1.000000  0.000000        0.00000                 2STV 252
MTRIX3  30  0.000000  0.000000 -1.000000        0.00000                 2STV 253
MTRIX1  31  -.809017   .309017  -.500000        0.00000                 2STV 254
MTRIX2  31   .309017  -.500000  -.809017        0.00000                 2STV 255
MTRIX3  31  -.500000  -.809017   .309017        0.00000                 2STV 256
MTRIX1  32  -.809017  -.309017  -.500000        0.00000                 2STV 257
MTRIX2  32  -.309017  -.500000   .809017        0.00000                 2STV 258
MTRIX3  32  -.500000   .809017   .309017        0.00000                 2STV 259
MTRIX1  33 -1.000000  0.000000  0.000000        0.00000                 2STV 260
MTRIX2  33  0.000000 -1.000000  0.000000        0.00000                 2STV 261
MTRIX3  33  0.000000  0.000000  1.000000        0.00000                 2STV 262
MTRIX1  34  -.809017   .309017  -.500000        0.00000                 2STV 263
MTRIX2  34  -.309017   .500000   .809017        0.00000                 2STV 264
MTRIX3  34   .500000   .809017  -.309017        0.00000                 2STV 265
MTRIX1  35  -.809017  -.309017  -.500000        0.00000                 2STV 266
MTRIX2  35   .309017   .500000  -.809017        0.00000                 2STV 267
MTRIX3  35   .500000  -.809017  -.309017        0.00000                 2STV 268
MTRIX1  36  -.500000   .809017   .309017        0.00000                 2STV 269
MTRIX2  36   .809017   .309017   .500000        0.00000                 2STV 270
MTRIX3  36   .309017   .500000  -.809017        0.00000                 2STV 271
MTRIX1  37   .000000  -.000000 -1.000000        0.00000                 2STV 272
MTRIX2  37  1.000000  0.000000   .000000        0.00000                 2STV 273
MTRIX3  37  0.000000 -1.000000   .000000        0.00000                 2STV 274
MTRIX1  38  -.500000  -.809017   .309017        0.00000                 2STV 275
MTRIX2  38   .809017  -.309017   .500000        0.00000                 2STV 276
MTRIX3  38  -.309017   .500000   .809017        0.00000                 2STV 277
MTRIX1  39  -.500000  -.809017  -.309017        0.00000                 2STV 278
MTRIX2  39   .809017  -.309017  -.500000        0.00000                 2STV 279
MTRIX3  39   .309017  -.500000   .809017        0.00000                 2STV 280
MTRIX1  40  -.809017   .309017   .500000        0.00000                 2STV 281
MTRIX2  40   .309017  -.500000   .809017        0.00000                 2STV 282
MTRIX3  40   .500000   .809017   .309017        0.00000                 2STV 283
MTRIX1  41  -.309017   .500000  -.809017        0.00000                 2STV 284
MTRIX2  41   .500000   .809017   .309017        0.00000                 2STV 285
MTRIX3  41   .809017  -.309017  -.500000        0.00000                 2STV 286
MTRIX1  42   .309017   .500000   .809017        0.00000                 2STV 287
MTRIX2  42   .500000  -.809017   .309017        0.00000                 2STV 288
MTRIX3  42   .809017   .309017  -.500000        0.00000                 2STV 289
MTRIX1  43   .809017   .309017  -.500000        0.00000                 2STV 290
MTRIX2  43   .309017   .500000   .809017        0.00000                 2STV 291
MTRIX3  43   .500000  -.809017   .309017        0.00000                 2STV 292
MTRIX1  44   .500000  -.809017   .309017        0.00000                 2STV 293
MTRIX2  44   .809017   .309017  -.500000        0.00000                 2STV 294
MTRIX3  44   .309017   .500000   .809017        0.00000                 2STV 295
MTRIX1  45   .309017  -.500000  -.809017        0.00000                 2STV 296
MTRIX2  45   .500000   .809017  -.309017        0.00000                 2STV 297
MTRIX3  45   .809017  -.309017   .500000        0.00000                 2STV 298
MTRIX1  46  -.309017  -.500000   .809017        0.00000                 2STV 299
MTRIX2  46   .500000  -.809017  -.309017        0.00000                 2STV 300
MTRIX3  46   .809017   .309017   .500000        0.00000                 2STV 301
MTRIX1  47   .000000  1.000000  -.000000        0.00000                 2STV 302
MTRIX2  47  -.000000   .000000  1.000000        0.00000                 2STV 303
MTRIX3  47  1.000000  -.000000   .000000        0.00000                 2STV 304
MTRIX1  48   .309017  -.500000   .809017        0.00000                 2STV 305
MTRIX2  48  -.500000  -.809017  -.309017        0.00000                 2STV 306
MTRIX3  48   .809017  -.309017  -.500000        0.00000                 2STV 307
MTRIX1  49   .500000   .809017   .309017        0.00000                 2STV 308
MTRIX2  49  -.809017   .309017   .500000        0.00000                 2STV 309
MTRIX3  49   .309017  -.500000   .809017        0.00000                 2STV 310
MTRIX1  50   .809017  -.309017  -.500000        0.00000                 2STV 311
MTRIX2  50  -.309017   .500000  -.809017        0.00000                 2STV 312
MTRIX3  50   .500000   .809017   .309017        0.00000                 2STV 313
MTRIX1  51   .309017   .500000  -.809017        0.00000                 2STV 314
MTRIX2  51  -.500000   .809017   .309017        0.00000                 2STV 315
MTRIX3  51   .809017   .309017   .500000        0.00000                 2STV 316
MTRIX1  52  -.000000 -1.000000  -.000000        0.00000                 2STV 317
MTRIX2  52  -.000000   .000000 -1.000000        0.00000                 2STV 318
MTRIX3  52  1.000000  -.000000  -.000000        0.00000                 2STV 319
MTRIX1  53  -.309017   .500000   .809017        0.00000                 2STV 320
MTRIX2  53  -.500000  -.809017   .309017        0.00000                 2STV 321
MTRIX3  53   .809017  -.309017   .500000        0.00000                 2STV 322
MTRIX1  54  -.500000  -.809017   .309017        0.00000                 2STV 323
MTRIX2  54  -.809017   .309018  -.500000        0.00000                 2STV 324
MTRIX3  54   .309017  -.500000  -.809017        0.00000                 2STV 325
MTRIX1  55  -.500000   .809017   .309017        0.00000                 2STV 326
MTRIX2  55  -.809017  -.309017  -.500000        0.00000                 2STV 327
MTRIX3  55  -.309017  -.500000   .809017        0.00000                 2STV 328
MTRIX1  56  -.000000  -.000000 -1.000000        0.00000                 2STV 329
MTRIX2  56 -1.000000  -.000000   .000000        0.00000                 2STV 330
MTRIX3  56  -.000000  1.000000  -.000000        0.00000                 2STV 331
MTRIX1  57  -.500000   .809017  -.309017        0.00000                 2STV 332
MTRIX2  57  -.809017  -.309018   .500000        0.00000                 2STV 333
MTRIX3  57   .309017   .500000   .809017        0.00000                 2STV 334
MTRIX1  58  -.309017  -.500000  -.809017        0.00000                 2STV 335
MTRIX2  58  -.500000   .809017  -.309017        0.00000                 2STV 336
MTRIX3  58   .809017   .309017  -.500000        0.00000                 2STV 337
MTRIX1  59  -.809017  -.309017   .500000        0.00000                 2STV 338
MTRIX2  59  -.309017  -.500000  -.809017        0.00000                 2STV 339
MTRIX3  59   .500000  -.809017   .309017        0.00000                 2STV 340
MTRIX1  60   .809017  -.309017   .500000        0.00000                 2STV 164
MTRIX2  60   .309017  -.500000  -.809017        0.00000                 2STV 165
MTRIX3  60   .500000   .809017  -.309017        0.00000                 2STV 166
