   60
       1.000000       0.000000       0.000000
       0.000000       1.000000       0.000000
       0.000000       0.000000       1.000000
       0.000000       0.000000       0.000000

       0.559015      -0.422900       0.713158
       0.810743       0.459314      -0.363308
      -0.173835       0.780974       0.599701
     -50.814880     -31.215766      69.575869

      -0.154339       0.126305       0.979993
       0.888762      -0.415632       0.193441
       0.431750       0.900585      -0.048062
     -16.401460    -112.029519      95.754422

      -0.154234       0.888637       0.431749
       0.126234      -0.415694       0.900837
       0.979856       0.193528      -0.048106
      55.682091    -130.758648      42.358242

       0.559187       0.810577      -0.173919
      -0.423051       0.459214       0.781284
       0.713020      -0.363065       0.599632
      65.818696     -61.520651     -16.821288

      -0.361397       0.162022       0.918355
       0.665767       0.734299       0.132243
      -0.652780       0.659285      -0.372902
      11.879201     -82.259662     244.147738

      -0.230309       0.944471       0.234144
       0.944516       0.158998       0.287327
       0.234422       0.287653      -0.928688
      89.080810    -129.811771     230.793411

       0.596277       0.714071      -0.366962
       0.606959      -0.102013       0.788135
       0.525698      -0.692299      -0.494264
      87.591785    -162.779668     145.287726

       0.976049      -0.210775      -0.054256
       0.119588       0.311975       0.942566
      -0.181485      -0.926312       0.330010
       9.469943    -135.602790     105.796852

       0.384174      -0.551960       0.740115
       0.155934       0.828845       0.537203
      -0.909824      -0.090987       0.405015
     -37.323184     -85.838757     166.895746

      -0.361007       0.665876      -0.652922
       0.161941       0.734250       0.659203
       0.918266       0.132499      -0.373243
     218.472635    -102.467501      91.117510

       0.451548      -0.051399      -0.890931
       0.571225       0.783591       0.244058
       0.685631      -0.618974       0.382896
     170.603529     -87.752619      14.351076

       0.365625      -0.910368      -0.193596
       0.912192       0.308945       0.269052
      -0.185112      -0.275226       0.943464
      87.275733    -124.259633      25.473064

      -0.500033      -0.723964       0.475391
       0.713636      -0.033744       0.699644
      -0.490625       0.688693       0.533774
      83.645213    -161.537018     109.113280

      -0.949117       0.250209       0.191513
       0.249955       0.229110       0.940772
       0.191300       0.940682      -0.279993
     164.729284    -148.068895     149.683523

      -0.931219       0.100709       0.350535
       0.100631      -0.852657       0.512854
       0.350027       0.512509       0.783876
     142.073672     -77.239169      -5.686500

      -0.499852       0.713834      -0.490477
      -0.724185      -0.033666       0.689102
       0.474921       0.699565       0.533519
     210.638322     -20.053797      15.066969

       0.384574       0.156212      -0.909954
      -0.551916       0.828970      -0.090971
       0.739914       0.537142       0.404490
     179.629881      65.741160       6.215957

       0.499812      -0.801542      -0.328194
       0.379368       0.543120      -0.749328
       0.778795       0.249702       0.575103
      91.900910      61.579957     -20.007730

      -0.313393      -0.835844       0.450831
       0.782664      -0.496183      -0.376144
       0.537832       0.234479       0.809575
      68.689965     -26.786682     -27.363758

       0.174767       0.154175      -0.972586
      -0.938819      -0.271683      -0.211588
      -0.296984       0.949844       0.096916
     208.309397     119.307898     147.694047

       0.391763      -0.762665      -0.514641
      -0.708300       0.106997      -0.697711
       0.587216       0.637563      -0.498760
     126.947784     160.773410     139.877690

      -0.309863      -0.917905       0.247838
      -0.187917      -0.196209      -0.962421
       0.931867      -0.345015      -0.111962
      95.041605     144.881853      55.434545

      -0.960489      -0.097008       0.261130
      -0.096823      -0.762282      -0.639898
       0.260672      -0.640001       0.722770
     156.684108      93.594783      11.062050

      -0.660971       0.565573      -0.493136
      -0.560905      -0.808927      -0.175857
      -0.498800       0.160267       0.851864
     226.687755      77.789134      68.081655

       0.674369      -0.499685       0.543567
       0.296529      -0.491102      -0.819197
       0.676440       0.713247      -0.183267
     -39.751754      78.845468      89.693995

      -0.122625      -0.090193       0.988450
      -0.089990      -0.990750      -0.101383
       0.988262      -0.101592       0.113375
     -20.602542      22.111756      20.304841

      -0.313500       0.782389       0.538093
      -0.835927      -0.496186       0.234969
       0.450380      -0.376060       0.809686
      57.216059      50.558162     -18.853974

       0.365528       0.912183      -0.185125
      -0.910424       0.309117      -0.274968
      -0.193870       0.269150       0.943388
      86.161380     124.872919      26.333461

       0.976066       0.119816      -0.181744
      -0.210528       0.312260      -0.926479
      -0.054157       0.942379       0.329709
      26.232035     142.355506      93.419886

       0.937312      -0.221226      -0.269531
      -0.017029      -0.800988       0.598625
      -0.347807      -0.556426      -0.754357
      41.554598     -77.054425     264.602799

       0.391468      -0.708502       0.587185
      -0.762979       0.106809       0.637857
      -0.514416      -0.697623      -0.498278
     -17.921768      -9.535650     247.161166

      -0.457651      -0.032401       0.888719
      -0.450804       0.869879      -0.200403
      -0.766544      -0.492024      -0.412228
      25.156314      70.280163     260.410380

      -0.436593       0.872731       0.218362
       0.488081       0.433684      -0.757710
      -0.755758      -0.223760      -0.615126
     111.256320      52.090205     286.040474

       0.674293       0.296121       0.676287
      -0.499793      -0.491280       0.713626
       0.543699      -0.819000      -0.183013
     -57.202276     -45.140486     102.602716

       0.499458       0.379018       0.778866
      -0.801748       0.543039       0.250017
      -0.328250      -0.749040       0.575538
     -53.657248      45.243294      87.807613

       0.451099       0.571144       0.685581
      -0.051386       0.783746      -0.619126
      -0.890828       0.244255       0.383189
     -36.678628      86.427544     167.913259

       0.596047       0.606987       0.525349
       0.714319      -0.101807      -0.692679
      -0.366569       0.788187      -0.494240
     -29.730396      21.497122     232.216255

       0.733988       0.437015       0.519606
       0.437188      -0.889817       0.131007
       0.520017       0.131059      -0.844171
     -42.414926     -59.816420     191.852110

      -0.488007       0.772558       0.406212
      -0.612294       0.028758      -0.790069
      -0.622287      -0.633957       0.459249
      91.562859     163.565013     131.749782

       0.282931       0.878471      -0.385094
      -0.181626      -0.344876      -0.920917
      -0.941681       0.330645       0.061945
     120.506888     138.811486     215.113597

       0.937322      -0.016908      -0.348321
      -0.221052      -0.800812      -0.556508
      -0.269114       0.598488      -0.754544
      51.913917      94.733159     256.953493

       0.570820      -0.676196       0.465711
      -0.676087      -0.708963      -0.200444
       0.465948      -0.200578      -0.861857
     -19.422655      92.244879     199.448009

      -0.310082      -0.188278       0.932039
      -0.917888      -0.196259      -0.344792
       0.247675      -0.962272      -0.111693
       5.081576     134.785229     122.068049

      -0.494322      -0.856740       0.146941
      -0.856800       0.451626      -0.248972
       0.146937      -0.248946      -0.957303
     126.283009     116.228446     243.083612

      -0.996476      -0.069704       0.046851
      -0.069532       0.375341      -0.924420
       0.046720      -0.924118      -0.378864
     188.369659     128.346144     176.783262

      -0.621703       0.425987      -0.657223
       0.426132      -0.520148      -0.740329
      -0.657248      -0.740103       0.141850
     244.441009      55.845803     176.897014

       0.112073      -0.054695      -0.992275
      -0.054798      -0.997305       0.048895
      -0.992107       0.048794      -0.114769
     217.008406      -1.079819     243.267624

       0.190798      -0.847464      -0.495274
      -0.847694      -0.396716       0.352570
      -0.495094       0.352346      -0.794082
     143.982740      36.238782     284.173088

      -0.487663      -0.612318      -0.622056
       0.772846       0.028664      -0.634280
       0.406065      -0.790129       0.458999
     226.761399       8.113904      31.584015

      -0.660911      -0.560825      -0.498371
       0.565532      -0.809033       0.160366
      -0.493387      -0.176176       0.851910
     227.376413     -76.183265      67.549936

      -0.737513      -0.367310      -0.566457
      -0.367656      -0.485524       0.793412
      -0.566737       0.793058       0.223037
     243.792958     -68.508076     157.392986

      -0.611607      -0.299204      -0.732222
      -0.737085       0.552114       0.390010
       0.287383       0.778126      -0.558541
     253.324066      20.532540     176.953359

      -0.457191      -0.450628      -0.766585
      -0.032216       0.869898      -0.492353
       0.888607      -0.200339      -0.412706
     242.798023      67.887698      99.198857

       0.174645      -0.938749      -0.296857
       0.153825      -0.271906       0.950062
      -0.972417      -0.211790       0.097261
     119.463929    -139.921338     213.467059

      -0.611854      -0.736878       0.287576
      -0.299609       0.552036       0.778242
      -0.732213       0.389921      -0.558215
     119.239792     -73.148967     276.258854

      -0.989447       0.144888       0.003826
       0.144788       0.988054       0.052488
       0.003845       0.052798      -0.998606
     193.341777     -21.010158     262.456014

      -0.436315       0.487978      -0.755976
       0.872875       0.433588      -0.224233
       0.218547      -0.757265      -0.615307
     239.363780     -55.559021     191.133915

       0.283133      -0.181747      -0.941809
       0.878461      -0.345110       0.330499
      -0.384817      -0.920789       0.061977
     193.704825    -129.050186     160.857057

       0.425542       0.756031      -0.497476
       0.756169      -0.598969      -0.263883
      -0.496964      -0.263563      -0.826573
     121.391039     -38.967623     288.631403

