
 xncsrel
     matrix=
                  (    1.00000    0.00000    0.00000)
                  (    0.00000    1.00000    0.00000)
                  (    0.00000    0.00000    1.00000)
     translation= (     0.0000     0.0000     0.0000)    end

 xncsrel
     matrix=
                  (    0.45715   -0.85201    0.25515)
                  (    0.52457    0.48996    0.69625)
                  (   -0.71822   -0.18444    0.67092)
     translation= (   -36.8552  -158.4365    88.4500)    end

 xncsrel
     matrix=
                  (   -0.42121   -0.00324   -0.90696)
                  (   -0.85400   -0.33530    0.39782)
                  (   -0.30539    0.94211    0.13847)
     translation= (   227.6718   -57.2423   186.1321)    end

 xncsrel
     matrix=
                  (    0.45714    0.52457   -0.71822)
                  (   -0.85201    0.48996   -0.18444)
                  (    0.25515    0.69625    0.67092)
     translation= (   163.4867    62.5416    60.3721)    end

 xncsrel
     matrix=
                  (   -0.41405   -0.86393   -0.28668)
                  (   -0.86393    0.27379    0.42268)
                  (   -0.28668    0.42268   -0.85974)
     translation= (    99.7901   -62.5996   392.6141)    end

 xncsrel
     matrix=
                  (    0.47366   -0.52037   -0.71054)
                  (   -0.84009   -0.02477   -0.54188)
                  (    0.26438    0.85358   -0.44889)
     translation= (   162.2730   136.5967   291.7444)    end

 xncsrel
     matrix=
                  (    0.99975    0.00100    0.02233)
                  (    0.02093    0.30920   -0.95077)
                  (   -0.00785    0.95100    0.30910)
     translation= (    -4.6159   196.7370   142.4437)    end

 xncsrel
     matrix=
                  (    0.43720   -0.02034    0.89913)
                  (    0.52923    0.81414   -0.23892)
                  (   -0.72717    0.58031    0.36671)
     translation= (  -170.2419    34.7152   151.0481)    end

 xncsrel
     matrix=
                  (   -0.43658   -0.55489    0.70816)
                  (   -0.01763    0.79226    0.60992)
                  (   -0.89949    0.25380   -0.35567)
     translation= (  -105.7182  -125.5652   305.6588)    end

 xncsrel
     matrix=
                  (   -0.45658   -0.54830    0.70064)
                  (    0.84062   -0.00796    0.54157)
                  (   -0.29137    0.83625    0.46454)
     translation= (  -103.6037  -134.9122   118.3402)    end

 xncsrel
     matrix=
                  (   -0.99928   -0.03051   -0.02261)
                  (   -0.03052    0.29072    0.95632)
                  (   -0.02260    0.95632   -0.29144)
     translation= (    60.9243  -196.4908   267.1448)    end

 xncsrel
     matrix=
                  (   -0.43659   -0.01764   -0.89949)
                  (   -0.55489    0.79226    0.25380)
                  (    0.70816    0.60992   -0.35568)
     translation= (   226.5692   -36.7528   260.1672)    end

 xncsrel
     matrix=
                  (    0.45386   -0.52747   -0.71818)
                  (   -0.00784    0.80358   -0.59514)
                  (    0.89104    0.27574    0.36058)
     translation= (   164.4167   123.5489   107.0562)    end

 xncsrel
     matrix=
                  (    0.44150   -0.85543    0.27076)
                  (    0.85463    0.30901   -0.41729)
                  (    0.27329    0.41563    0.86750)
     translation= (   -39.6457    62.8873    19.4017)    end

 xncsrel
     matrix=
                  (   -0.45366    0.50145    0.73671)
                  (   -0.00584    0.82498   -0.56513)
                  (   -0.89115   -0.26068   -0.37133)
     translation= (  -111.9956   117.2648   309.0806)    end

 xncsrel
     matrix=
                  (   -0.42979   -0.54016    0.72354)
                  (   -0.86130    0.48576   -0.14897)
                  (   -0.27100   -0.68722   -0.67401)
     translation= (  -109.1052    55.4633   354.6245)    end

 xncsrel
     matrix=
                  (    0.46822   -0.83615    0.28571)
                  (   -0.83614   -0.52382   -0.16272)
                  (    0.28571   -0.16271   -0.94440)
     translation= (   -43.5035    58.4134   394.5100)    end

 xncsrel
     matrix=
                  (    0.99935    0.02254    0.02829)
                  (    0.03486   -0.80856   -0.58738)
                  (    0.00963    0.58799   -0.80881)
     translation= (    -5.8530   122.0381   373.6085)    end

 xncsrel
     matrix=
                  (    0.42960    0.84923    0.30702)
                  (    0.54802    0.02504   -0.83609)
                  (   -0.71772    0.52743   -0.45464)
     translation= (   -48.1821   158.4123   320.8092)    end

 xncsrel
     matrix=
                  (    0.44836   -0.84562    0.28965)
                  (    0.01364   -0.31753   -0.94815)
                  (    0.89375    0.42906   -0.13083)
     translation= (   -43.7533   196.9065   208.5598)    end

 xncsrel
     matrix=
                  (    0.42138   -0.00656    0.90686)
                  (    0.86415   -0.30043   -0.40371)
                  (    0.27510    0.95378   -0.12093)
     translation= (  -171.4078    60.2961   223.4832)    end

 xncsrel
     matrix=
                  (   -0.47345    0.49633    0.72767)
                  (    0.83598    0.51343    0.19372)
                  (   -0.27746    0.70003   -0.65800)
     translation= (  -109.5642   -63.2075   350.3798)    end

 xncsrel
     matrix=
                  (   -0.99949   -0.03193   -0.00029)
                  (   -0.03193    0.99932    0.01850)
                  (   -0.00030    0.01850   -0.99983)
     translation= (    56.3118    -2.9308   413.8788)    end

 xncsrel
     matrix=
                  (   -0.42978   -0.86130   -0.27100)
                  (   -0.54016    0.48576   -0.68722)
                  (    0.72354   -0.14897   -0.67401)
     translation= (    96.9851   157.8296   326.2260)    end

 xncsrel
     matrix=
                  (    0.46187    0.54050   -0.70323)
                  (   -0.49644   -0.49950   -0.70996)
                  (   -0.73500    0.67703    0.03762)
     translation= (   160.2382   162.1004   219.2985)    end

 xncsrel
     matrix=
                  (    0.44660    0.84539    0.29302)
                  (   -0.51268    0.51018   -0.69056)
                  (   -0.73329    0.15818    0.66126)
     translation= (   -45.7612   157.7280    90.5963)    end

 xncsrel
     matrix=
                  (    0.45387   -0.00785    0.89103)
                  (   -0.52747    0.80358    0.27576)
                  (   -0.71818   -0.59515    0.36058)
     translation= (  -169.0451   -42.0782   153.0090)    end

 xncsrel
     matrix=
                  (    0.47366   -0.84009    0.26439)
                  (   -0.52037   -0.02476    0.85358)
                  (   -0.71053   -0.54189   -0.44889)
     translation= (   -39.2418  -161.2007   320.2770)    end

 xncsrel
     matrix=
                  (    0.47861   -0.50120   -0.72093)
                  (   -0.50120   -0.83011    0.24437)
                  (   -0.72092    0.24437   -0.64850)
     translation= (   164.2661   -35.0097   361.2503)    end

 xncsrel
     matrix=
                  (    0.41401    0.86082    0.29595)
                  (    0.86082   -0.47595    0.18017)
                  (    0.29595    0.18016   -0.93806)
     translation= (   -45.4627   -60.3100   392.6322)    end

 xncsrel
     matrix=
                  (    0.42827    0.01445    0.90354)
                  (    0.01445   -0.99985    0.00915)
                  (    0.90354    0.00913   -0.42841)
     translation= (  -170.9308    -0.6915   270.2070)    end

 xncsrel
     matrix=
                  (   -0.44558   -0.52446    0.72554)
                  (   -0.52446   -0.50388   -0.68632)
                  (    0.72553   -0.68633   -0.05054)
     translation= (  -109.0863   157.9998   197.5673)    end

 xncsrel
     matrix=
                  (   -0.99991   -0.01115    0.00795)
                  (   -0.01115    0.32654   -0.94512)
                  (    0.00795   -0.94512   -0.32664)
     translation= (    54.6016   196.4572   275.0962)    end

 xncsrel
     matrix=
                  (   -0.46865    0.84500   -0.25756)
                  (    0.84500    0.34381   -0.40959)
                  (   -0.25755   -0.40960   -0.87516)
     translation= (    93.9244    61.5349   395.6514)    end

 xncsrel
     matrix=
                  (   -0.99996    0.00287   -0.00854)
                  (    0.00287   -0.79713   -0.60380)
                  (   -0.00854   -0.60380    0.79709)
     translation= (    58.0055   126.3286    42.7207)    end

 xncsrel
     matrix=
                  (   -0.44883    0.01586   -0.89347)
                  (    0.85521   -0.28236   -0.43462)
                  (   -0.25918   -0.95918    0.11317)
     translation= (   225.6440    66.9323   191.5948)    end

 xncsrel
     matrix=
                  (    0.42959    0.54803   -0.71771)
                  (    0.84923    0.02504    0.52743)
                  (    0.30702   -0.83608   -0.45465)
     translation= (   164.1364  -132.2540   293.0932)    end

 xncsrel
     matrix=
                  (    0.42137    0.86416    0.27511)
                  (   -0.00655   -0.30044    0.95378)
                  (    0.90687   -0.40370   -0.12093)
     translation= (   -41.3605  -196.1646   206.8134)    end

 xncsrel
     matrix=
                  (   -0.46213    0.52739    0.71295)
                  (   -0.52949   -0.80901    0.25523)
                  (    0.71139   -0.25954    0.65312)
     translation= (  -106.8612   -36.4803    51.9932)    end

 xncsrel
     matrix=
                  (    0.44836    0.01365    0.89375)
                  (   -0.84562   -0.31753    0.42907)
                  (    0.28965   -0.94815   -0.13083)
     translation= (  -169.4694   -63.9588   226.6529)    end

 xncsrel
     matrix=
                  (   -0.44667    0.52065    0.72761)
                  (   -0.84975    0.00767   -0.52713)
                  (   -0.28003   -0.85374    0.43899)
     translation= (  -110.3242   133.7911   124.6684)    end

 xncsrel
     matrix=
                  (   -0.44883    0.85521   -0.25918)
                  (    0.01585   -0.28237   -0.95918)
                  (   -0.89348   -0.43462    0.11318)
     translation= (    93.6929   199.0976   209.0114)    end

 xncsrel
     matrix=
                  (    0.44486    0.55497   -0.70293)
                  (    0.55497   -0.78684   -0.26999)
                  (   -0.70293   -0.27000   -0.65802)
     translation= (   160.6423    41.7093   363.1283)    end

 xncsrel
     matrix=
                  (    0.99935    0.03486    0.00963)
                  (    0.02254   -0.80857    0.58797)
                  (    0.02828   -0.58737   -0.80882)
     translation= (    -2.0017  -120.8664   374.0306)    end

 xncsrel
     matrix=
                  (   -0.45658    0.84062   -0.29137)
                  (   -0.54830   -0.00795    0.83625)
                  (    0.70065    0.54157    0.46454)
     translation= (   100.5845  -156.8407    90.6807)    end

 xncsrel
     matrix=
                  (   -0.99956   -0.00885   -0.02817)
                  (   -0.00887   -0.81999    0.57231)
                  (   -0.02816    0.57231    0.81956)
     translation= (    62.0626  -116.7330    37.6762)    end

 xncsrel
     matrix=
                  (   -0.44137   -0.84523   -0.30128)
                  (    0.85249   -0.49978    0.15323)
                  (   -0.28009   -0.18921    0.94114)
     translation= (   103.5637   -54.4787    20.2086)    end

 xncsrel
     matrix=
                  (    0.44660   -0.51268   -0.73329)
                  (    0.84540    0.51017    0.15819)
                  (    0.29300   -0.69057    0.66126)
     translation= (   167.7367   -56.1185    62.4224)    end

 xncsrel
     matrix=
                  (    0.43719    0.52924   -0.72717)
                  (   -0.02033    0.81414    0.58031)
                  (    0.89914   -0.23892    0.36670)
     translation= (   165.8966  -119.3802   105.9754)    end

 xncsrel
     matrix=
                  (    0.46187   -0.49645   -0.73499)
                  (    0.54049   -0.49949    0.67703)
                  (   -0.70324   -0.70996    0.03762)
     translation= (   167.6444  -154.1111   219.5181)    end

 xncsrel
     matrix=
                  (    0.99975    0.02093   -0.00786)
                  (    0.00100    0.30919    0.95100)
                  (    0.02234   -0.95077    0.30909)
     translation= (     1.6162  -196.2912   143.1246)    end

 xncsrel
     matrix=
                  (    0.44151    0.85463    0.27328)
                  (   -0.85543    0.30901    0.41564)
                  (    0.27077   -0.41728    0.86750)
     translation= (   -41.5387   -61.4106    20.1418)    end

 xncsrel
     matrix=
                  (   -0.44137    0.85249   -0.28009)
                  (   -0.84524   -0.49978   -0.18920)
                  (   -0.30127    0.15324    0.94114)
     translation= (    97.8135    64.1303    20.5283)    end

 xncsrel
     matrix=
                  (   -0.42878    0.01747   -0.90324)
                  (    0.01749   -0.99946   -0.02764)
                  (   -0.90324   -0.02765    0.42824)
     translation= (   227.0991     6.8373   143.7521)    end

 xncsrel
     matrix=
                  (   -0.45366   -0.00585   -0.89116)
                  (    0.50144    0.82499   -0.26068)
                  (    0.73672   -0.56512   -0.37133)
     translation= (   225.3161    39.9898   263.5468)    end

 xncsrel
     matrix=
                  (   -0.42121   -0.85400   -0.30538)
                  (   -0.00324   -0.33529    0.94211)
                  (   -0.90696    0.39782    0.13847)
     translation= (   103.8550  -193.8154   203.4863)    end

 xncsrel
     matrix=
                  (   -0.47345    0.83598   -0.27744)
                  (    0.49633    0.51342    0.70004)
                  (    0.72767    0.19373   -0.65800)
     translation= (    98.1805  -158.4463   322.5224)    end

 xncsrel
     matrix=
                  (   -0.47870    0.51235    0.71298)
                  (    0.51235   -0.49644    0.70074)
                  (    0.71298    0.70074   -0.02486)
     translation= (  -106.3896  -158.2325   191.4900)    end

 xncsrel
     matrix=
                  (   -0.46213   -0.52949    0.71139)
                  (    0.52739   -0.80901   -0.25955)
                  (    0.71295    0.25523    0.65311)
     translation= (  -105.6866    40.3414    51.5369)    end

 xncsrel
     matrix=
                  (   -0.44666   -0.84975   -0.28002)
                  (    0.52064    0.00767   -0.85374)
                  (    0.72761   -0.52713    0.43899)
     translation_60= (    99.3165   162.8479    96.0677)    end


