transform 1 0 0 -
            0 1 0 -
            0 0 1 -
 0 0 0
transform 0.967837 -0.251455 -0.00784046 -
0.251455 0.965926 0.0612982 -
-0.00784046 -0.0612982 0.998089 -
 0 0 0
transform 0.87354 -0.485775 -0.0308275 -
0.485775 0.866025 0.118419 -
-0.0308275 -0.118419 0.992485 -
 0 0 0
transform 0.723536 -0.686989 -0.0673947 -
0.686989 0.707107 0.16747 -
-0.0673947 -0.16747 0.983571 -
 0 0 0
transform 0.528046 -0.841386 -0.11505 -
0.841386 0.5 0.205108 -
-0.11505 -0.205108 0.971954 -
 0 0 0
transform 0.300394 -0.938444 -0.170546 -
0.938444 0.258819 0.228768 -
-0.170546 -0.228768 0.958425 -
 0 0 0
transform 0.0560923 -0.971549 -0.2301 -
0.971549 0. 0.236838 -
-0.2301 -0.236838 0.943908 -
 0 0 0
transform -0.188209 -0.938444 -0.289654 -
0.938444 -0.258819 0.228768 -
-0.289654 -0.228768 0.92939 -
 0 0 0
transform -0.415862 -0.841386 -0.34515 -
0.841386 -0.5 0.205108 -
-0.34515 -0.205108 0.915862 -
 0 0 0
transform -0.611351 -0.686989 -0.392805 -
0.686989 -0.707107 0.16747 -
-0.392805 -0.16747 0.904244 -
 0 0 0
transform -0.761356 -0.485775 -0.429372 -
0.485775 -0.866025 0.118419 -
-0.429372 -0.118419 0.89533 -
 0 0 0
transform -0.855653 -0.251455 -0.452359 -
0.251455 -0.965926 0.0612982 -
-0.452359 -0.0612982 0.889727 -
 0 0 0
transform -0.887815 0. -0.4602 -
0. -1 0. -
-0.4602 0. 0.887815 -
 0 0 0
transform -0.855653 0.251455 -0.452359 -
-0.251455 -0.965926 -0.0612982 -
-0.452359 0.0612982 0.889727 -
 0 0 0
transform -0.761356 0.485775 -0.429372 -
-0.485775 -0.866025 -0.118419 -
-0.429372 0.118419 0.89533 -
 0 0 0
transform -0.611351 0.686989 -0.392805 -
-0.686989 -0.707107 -0.16747 -
-0.392805 0.16747 0.904244 -
 0 0 0
transform -0.415862 0.841386 -0.34515 -
-0.841386 -0.5 -0.205108 -
-0.34515 0.205108 0.915862 -
 0 0 0
transform -0.188209 0.938444 -0.289654 -
-0.938444 -0.258819 -0.228768 -
-0.289654 0.228768 0.92939 -
 0 0 0
transform 0.0560923 0.971549 -0.2301 -
-0.971549 0. -0.236838 -
-0.2301 0.236838 0.943908 -
 0 0 0
transform 0.300394 0.938444 -0.170546 -
-0.938444 0.258819 -0.228768 -
-0.170546 0.228768 0.958425 -
 0 0 0
transform 0.528046 0.841386 -0.11505 -
-0.841386 0.5 -0.205108 -
-0.11505 0.205108 0.971954 -
 0 0 0
transform 0.723536 0.686989 -0.0673947 -
-0.686989 0.707107 -0.16747 -
-0.0673947 0.16747 0.983571 -
 0 0 0
transform 0.87354 0.485775 -0.0308275 -
-0.485775 0.866025 -0.118419 -
-0.0308275 0.118419 0.992485 -
 0 0 0
transform 0.967837 0.251455 -0.00784046 -
-0.251455 0.965926 -0.0612982 -
-0.00784046 0.0612982 0.998089 -
 0 0 0
