REMARK 350   BIOMT1   1  1.000000  0.000000  0.000000        0.00000
REMARK 350   BIOMT2   1  0.000000  1.000000  0.000000        0.00000
REMARK 350   BIOMT3   1  0.000000  0.000000  1.000000        0.00000
REMARK 350   BIOMT1   2  0.990230 -0.051970 -0.129410       -1.65217
REMARK 350   BIOMT2   2  0.137880  0.504220  0.852490       -0.21834
REMARK 350   BIOMT3   2  0.020950 -0.862010  0.506460       -1.62163
REMARK 350   BIOMT1   3  0.963260  0.030470 -0.266820       -0.97235
REMARK 350   BIOMT2   3  0.247390 -0.487280  0.837470       -2.11336
REMARK 350   BIOMT3   3 -0.104500 -0.872710 -0.476920       -1.50619
REMARK 350   BIOMT1   4  0.945090  0.214330 -0.246730       -2.21643
REMARK 350   BIOMT2   4  0.211220 -0.976650 -0.039310       -2.89465
REMARK 350   BIOMT3   4 -0.249390 -0.014960 -0.968290       -0.66088
REMARK 350   BIOMT1   5  0.963570  0.246890 -0.102820        0.75781
REMARK 350   BIOMT2   5  0.036020 -0.500740 -0.864850       -0.56749
REMARK 350   BIOMT3   5 -0.265010  0.829640 -0.491390        2.44098
REMARK 350   BIOMT1   6  0.990150  0.139970  0.003390        1.48809
REMARK 350   BIOMT2   6 -0.067810  0.500600 -0.863020       -0.05652
REMARK 350   BIOMT3   6 -0.122500  0.854290  0.505160        0.63077
REMARK 350   BIOMT1   7 -0.949570 -0.104980  0.295450       -1.00599
REMARK 350   BIOMT2   7 -0.119090 -0.750910 -0.649580       -2.30478
REMARK 350   BIOMT3   7  0.290050 -0.652000  0.700540       -0.37744
REMARK 350   BIOMT1   8 -0.955290 -0.235650  0.178560       -0.78939
REMARK 350   BIOMT2   8 -0.222310  0.174340 -0.959260        0.48797
REMARK 350   BIOMT3   8  0.194920 -0.956070 -0.218930       -1.11833
REMARK 350   BIOMT1   9 -0.976960 -0.208330  0.046430       -2.34257
REMARK 350   BIOMT2   9 -0.212390  0.927330 -0.308150        1.94545
REMARK 350   BIOMT3   9  0.021140 -0.310920 -0.950200        0.94172
REMARK 350   BIOMT1  10 -0.997140 -0.072000 -0.023070       -1.67681
REMARK 350   BIOMT2  10 -0.068840  0.738310  0.670940       -0.16198
REMARK 350   BIOMT3  10 -0.031270  0.670600 -0.741160        2.09542
REMARK 350   BIOMT1  11 -0.997700  0.048610  0.047180        0.09390
REMARK 350   BIOMT2  11  0.036460 -0.201680  0.978770       -1.78915
REMARK 350   BIOMT3  11  0.057100  0.978240  0.199450        2.07663
REMARK 350   BIOMT1  12 -0.975570  0.048950  0.214190       -0.87521
REMARK 350   BIOMT2  12  0.023210 -0.946450  0.322000       -3.00517
REMARK 350   BIOMT3  12  0.218480  0.319110  0.922190        0.40173
REMARK 350   BIOMT1  13  0.989520  0.143950  0.011550       63.79785
REMARK 350   BIOMT2  13 -0.144290  0.988780  0.038530      132.83920
REMARK 350   BIOMT3  13 -0.005870 -0.039790  0.999190      216.14185
REMARK 350   BIOMT1  14  0.999920 -0.006660  0.010720       61.71643
REMARK 350   BIOMT2  14 -0.006120  0.487630  0.873030      131.91033
REMARK 350   BIOMT3  14 -0.011040 -0.873020  0.487550      214.26940
REMARK 350   BIOMT1  15  0.983490 -0.083540 -0.160510       61.33404
REMARK 350   BIOMT2  15  0.097160 -0.504510  0.857920      130.41609
REMARK 350   BIOMT3  15 -0.152650 -0.859350 -0.488070      214.56740
REMARK 350   BIOMT1  16  0.957550  0.059020 -0.282160       57.77668
REMARK 350   BIOMT2  16  0.057210 -0.998250 -0.014660      130.23473
REMARK 350   BIOMT3  16 -0.282530 -0.002100 -0.959260      216.24950
REMARK 350   BIOMT1  17  0.943420  0.229250 -0.239590       58.87162
REMARK 350   BIOMT2  17 -0.097330 -0.499240 -0.860980      131.28099
REMARK 350   BIOMT3  17 -0.316990  0.835580 -0.448680      218.29621
REMARK 350   BIOMT1  18  0.963210  0.251830 -0.093830       63.17867
REMARK 350   BIOMT2  18 -0.212130  0.498100 -0.840770      132.75960
REMARK 350   BIOMT3  18 -0.164990  0.829750  0.533200      216.58716
REMARK 350   BIOMT1  19 -0.947240 -0.239450  0.213060       59.05420
REMARK 350   BIOMT2  19  0.039290 -0.746470 -0.664260      130.57020
REMARK 350   BIOMT3  19  0.318100 -0.620840  0.716500      215.35065
REMARK 350   BIOMT1  20 -0.977410 -0.206500  0.044950       57.47877
REMARK 350   BIOMT2  20 -0.082790  0.178430 -0.980460      133.24688
REMARK 350   BIOMT3  20  0.194450 -0.962040 -0.191500      215.86870
REMARK 350   BIOMT1  21 -0.997500 -0.064910 -0.027860       59.69155
REMARK 350   BIOMT2  21 -0.052120  0.942570 -0.329910      133.26482
REMARK 350   BIOMT3  21  0.047680 -0.327630 -0.943600      216.46762
REMARK 350   BIOMT1  22 -0.998030  0.047680  0.040790       62.93848
REMARK 350   BIOMT2  22  0.062750  0.763820  0.642380      132.24233
REMARK 350   BIOMT3  22 -0.000530  0.643670 -0.765300      217.88860
REMARK 350   BIOMT1  23 -0.976610  0.058940  0.206780       62.01574
REMARK 350   BIOMT2  23  0.194080 -0.172330  0.965730      129.82776
REMARK 350   BIOMT3  23  0.092560  0.983270  0.156860      218.08703
REMARK 350   BIOMT1  24 -0.946710 -0.095320  0.307670       60.90111
REMARK 350   BIOMT2  24  0.193440 -0.932020  0.306470      128.81950
REMARK 350   BIOMT3  24  0.257540  0.349650  0.900790      216.69973
