loop_
_pdbx_struct_oper_list.id
_pdbx_struct_oper_list.type
_pdbx_struct_oper_list.name
_pdbx_struct_oper_list.matrix[1][1]
_pdbx_struct_oper_list.matrix[1][2]
_pdbx_struct_oper_list.matrix[1][3]
_pdbx_struct_oper_list.vector[1]
_pdbx_struct_oper_list.matrix[2][1]
_pdbx_struct_oper_list.matrix[2][2]
_pdbx_struct_oper_list.matrix[2][3]
_pdbx_struct_oper_list.vector[2]
_pdbx_struct_oper_list.matrix[3][1]
_pdbx_struct_oper_list.matrix[3][2]
_pdbx_struct_oper_list.matrix[3][3]
_pdbx_struct_oper_list.vector[3]
1 "general operation" . 
    1.00000000    0.00000000    0.00000000       0.00000
    0.00000000    1.00000000    0.00000000       0.00000
    0.00000000    0.00000000    1.00000000       0.00000
2 "general operation" . 
    0.99023000   -0.05197000   -0.12941000      -1.65217
    0.13788000    0.50422000    0.85249000      -0.21834
    0.02095000   -0.86201000    0.50646000      -1.62163
3 "general operation" . 
    0.96326000    0.03047000   -0.26682000      -0.97235
    0.24739000   -0.48728000    0.83747000      -2.11336
   -0.10450000   -0.87271000   -0.47692000      -1.50619
4 "general operation" . 
    0.94509000    0.21433000   -0.24673000      -2.21643
    0.21122000   -0.97665000   -0.03931000      -2.89465
   -0.24939000   -0.01496000   -0.96829000      -0.66088
5 "general operation" . 
    0.96357000    0.24689000   -0.10282000       0.75781
    0.03602000   -0.50074000   -0.86485000      -0.56749
   -0.26501000    0.82964000   -0.49139000       2.44098
6 "general operation" . 
    0.99015000    0.13997000    0.00339000       1.48809
   -0.06781000    0.50060000   -0.86302000      -0.05652
   -0.12250000    0.85429000    0.50516000       0.63077
7 "general operation" . 
   -0.94957000   -0.10498000    0.29545000      -1.00599
   -0.11909000   -0.75091000   -0.64958000      -2.30478
    0.29005000   -0.65200000    0.70054000      -0.37744
8 "general operation" . 
   -0.95529000   -0.23565000    0.17856000      -0.78939
   -0.22231000    0.17434000   -0.95926000       0.48797
    0.19492000   -0.95607000   -0.21893000      -1.11833
9 "general operation" . 
   -0.97696000   -0.20833000    0.04643000      -2.34257
   -0.21239000    0.92733000   -0.30815000       1.94545
    0.02114000   -0.31092000   -0.95020000       0.94172
10 "general operation" . 
   -0.99714000   -0.07200000   -0.02307000      -1.67681
   -0.06884000    0.73831000    0.67094000      -0.16198
   -0.03127000    0.67060000   -0.74116000       2.09542
11 "general operation" . 
   -0.99770000    0.04861000    0.04718000       0.09390
    0.03646000   -0.20168000    0.97877000      -1.78915
    0.05710000    0.97824000    0.19945000       2.07663
12 "general operation" . 
   -0.97557000    0.04895000    0.21419000      -0.87521
    0.02321000   -0.94645000    0.32200000      -3.00517
    0.21848000    0.31911000    0.92219000       0.40173
13 "general operation" . 
    0.98952000    0.14395000    0.01155000      63.79785
   -0.14429000    0.98878000    0.03853000     132.83920
   -0.00587000   -0.03979000    0.99919000     216.14185
14 "general operation" . 
    0.99992000   -0.00666000    0.01072000      61.71643
   -0.00612000    0.48763000    0.87303000     131.91033
   -0.01104000   -0.87302000    0.48755000     214.26940
15 "general operation" . 
    0.98349000   -0.08354000   -0.16051000      61.33404
    0.09716000   -0.50451000    0.85792000     130.41609
   -0.15265000   -0.85935000   -0.48807000     214.56740
16 "general operation" . 
    0.95755000    0.05902000   -0.28216000      57.77668
    0.05721000   -0.99825000   -0.01466000     130.23473
   -0.28253000   -0.00210000   -0.95926000     216.24950
17 "general operation" . 
    0.94342000    0.22925000   -0.23959000      58.87162
   -0.09733000   -0.49924000   -0.86098000     131.28099
   -0.31699000    0.83558000   -0.44868000     218.29621
18 "general operation" . 
    0.96321000    0.25183000   -0.09383000      63.17867
   -0.21213000    0.49810000   -0.84077000     132.75960
   -0.16499000    0.82975000    0.53320000     216.58716
19 "general operation" . 
   -0.94724000   -0.23945000    0.21306000      59.05420
    0.03929000   -0.74647000   -0.66426000     130.57020
    0.31810000   -0.62084000    0.71650000     215.35065
20 "general operation" . 
   -0.97741000   -0.20650000    0.04495000      57.47877
   -0.08279000    0.17843000   -0.98046000     133.24688
    0.19445000   -0.96204000   -0.19150000     215.86870
21 "general operation" . 
   -0.99750000   -0.06491000   -0.02786000      59.69155
   -0.05212000    0.94257000   -0.32991000     133.26482
    0.04768000   -0.32763000   -0.94360000     216.46762
22 "general operation" . 
   -0.99803000    0.04768000    0.04079000      62.93848
    0.06275000    0.76382000    0.64238000     132.24233
   -0.00053000    0.64367000   -0.76530000     217.88860
23 "general operation" . 
   -0.97661000    0.05894000    0.20678000      62.01574
    0.19408000   -0.17233000    0.96573000     129.82776
    0.09256000    0.98327000    0.15686000     218.08703
24 "general operation" . 
   -0.94671000   -0.09532000    0.30767000      60.90111
    0.19344000   -0.93202000    0.30647000     128.81950
    0.25754000    0.34965000    0.90079000     216.69973
