MTRIX1   1  1.000000  0.000000  0.000000        0.00000
MTRIX2   1  0.000000  1.000000  0.000000        0.00000
MTRIX3   1  0.000000  0.000000  1.000000        0.00000
MTRIX1   2  0.990230 -0.051970 -0.129410       -1.65217
MTRIX2   2  0.137880  0.504220  0.852490       -0.21834
MTRIX3   2  0.020950 -0.862010  0.506460       -1.62163
MTRIX1   3  0.963260  0.030470 -0.266820       -0.97235
MTRIX2   3  0.247390 -0.487280  0.837470       -2.11336
MTRIX3   3 -0.104500 -0.872710 -0.476920       -1.50619
MTRIX1   4  0.945090  0.214330 -0.246730       -2.21643
MTRIX2   4  0.211220 -0.976650 -0.039310       -2.89465
MTRIX3   4 -0.249390 -0.014960 -0.968290       -0.66088
MTRIX1   5  0.963570  0.246890 -0.102820        0.75781
MTRIX2   5  0.036020 -0.500740 -0.864850       -0.56749
MTRIX3   5 -0.265010  0.829640 -0.491390        2.44098
MTRIX1   6  0.990150  0.139970  0.003390        1.48809
MTRIX2   6 -0.067810  0.500600 -0.863020       -0.05652
MTRIX3   6 -0.122500  0.854290  0.505160        0.63077
MTRIX1   7 -0.949570 -0.104980  0.295450       -1.00599
MTRIX2   7 -0.119090 -0.750910 -0.649580       -2.30478
MTRIX3   7  0.290050 -0.652000  0.700540       -0.37744
MTRIX1   8 -0.955290 -0.235650  0.178560       -0.78939
MTRIX2   8 -0.222310  0.174340 -0.959260        0.48797
MTRIX3   8  0.194920 -0.956070 -0.218930       -1.11833
MTRIX1   9 -0.976960 -0.208330  0.046430       -2.34257
MTRIX2   9 -0.212390  0.927330 -0.308150        1.94545
MTRIX3   9  0.021140 -0.310920 -0.950200        0.94172
MTRIX1  10 -0.997140 -0.072000 -0.023070       -1.67681
MTRIX2  10 -0.068840  0.738310  0.670940       -0.16198
MTRIX3  10 -0.031270  0.670600 -0.741160        2.09542
MTRIX1  11 -0.997700  0.048610  0.047180        0.09390
MTRIX2  11  0.036460 -0.201680  0.978770       -1.78915
MTRIX3  11  0.057100  0.978240  0.199450        2.07663
MTRIX1  12 -0.975570  0.048950  0.214190       -0.87521
MTRIX2  12  0.023210 -0.946450  0.322000       -3.00517
MTRIX3  12  0.218480  0.319110  0.922190        0.40173
MTRIX1  13  0.989520  0.143950  0.011550       63.79785
MTRIX2  13 -0.144290  0.988780  0.038530      132.83920
MTRIX3  13 -0.005870 -0.039790  0.999190      216.14185
MTRIX1  14  0.999920 -0.006660  0.010720       61.71643
MTRIX2  14 -0.006120  0.487630  0.873030      131.91033
MTRIX3  14 -0.011040 -0.873020  0.487550      214.26940
MTRIX1  15  0.983490 -0.083540 -0.160510       61.33404
MTRIX2  15  0.097160 -0.504510  0.857920      130.41609
MTRIX3  15 -0.152650 -0.859350 -0.488070      214.56740
MTRIX1  16  0.957550  0.059020 -0.282160       57.77668
MTRIX2  16  0.057210 -0.998250 -0.014660      130.23473
MTRIX3  16 -0.282530 -0.002100 -0.959260      216.24950
MTRIX1  17  0.943420  0.229250 -0.239590       58.87162
MTRIX2  17 -0.097330 -0.499240 -0.860980      131.28099
MTRIX3  17 -0.316990  0.835580 -0.448680      218.29621
MTRIX1  18  0.963210  0.251830 -0.093830       63.17867
MTRIX2  18 -0.212130  0.498100 -0.840770      132.75960
MTRIX3  18 -0.164990  0.829750  0.533200      216.58716
MTRIX1  19 -0.947240 -0.239450  0.213060       59.05420
MTRIX2  19  0.039290 -0.746470 -0.664260      130.57020
MTRIX3  19  0.318100 -0.620840  0.716500      215.35065
MTRIX1  20 -0.977410 -0.206500  0.044950       57.47877
MTRIX2  20 -0.082790  0.178430 -0.980460      133.24688
MTRIX3  20  0.194450 -0.962040 -0.191500      215.86870
MTRIX1  21 -0.997500 -0.064910 -0.027860       59.69155
MTRIX2  21 -0.052120  0.942570 -0.329910      133.26482
MTRIX3  21  0.047680 -0.327630 -0.943600      216.46762
MTRIX1  22 -0.998030  0.047680  0.040790       62.93848
MTRIX2  22  0.062750  0.763820  0.642380      132.24233
MTRIX3  22 -0.000530  0.643670 -0.765300      217.88860
MTRIX1  23 -0.976610  0.058940  0.206780       62.01574
MTRIX2  23  0.194080 -0.172330  0.965730      129.82776
MTRIX3  23  0.092560  0.983270  0.156860      218.08703
MTRIX1  24 -0.946710 -0.095320  0.307670       60.90111
MTRIX2  24  0.193440 -0.932020  0.306470      128.81950
MTRIX3  24  0.257540  0.349650  0.900790      216.69973
