loop_
_pdbx_struct_oper_list.id
_pdbx_struct_oper_list.type
_pdbx_struct_oper_list.name
_pdbx_struct_oper_list.matrix[1][1]
_pdbx_struct_oper_list.matrix[1][2]
_pdbx_struct_oper_list.matrix[1][3]
_pdbx_struct_oper_list.vector[1]
_pdbx_struct_oper_list.matrix[2][1]
_pdbx_struct_oper_list.matrix[2][2]
_pdbx_struct_oper_list.matrix[2][3]
_pdbx_struct_oper_list.vector[2]
_pdbx_struct_oper_list.matrix[3][1]
_pdbx_struct_oper_list.matrix[3][2]
_pdbx_struct_oper_list.matrix[3][3]
_pdbx_struct_oper_list.vector[3]
1 "general operation" . 
    1.00000000    0.00000000    0.00000000       0.00000
    0.00000000    1.00000000    0.00000000       0.00000
    0.00000000    0.00000000    1.00000000       0.00000
2 "general operation" . 
   -0.33335000    0.93412000   -0.12768000      47.01586
   -0.36312000   -0.00223000    0.93174000    -234.80568
    0.87007000    0.35696000    0.33994000     159.97832
3 "general operation" . 
   -0.33163000   -0.35903000    0.87242000     255.24730
    0.93516000   -0.00305000    0.35422000    -132.90915
   -0.12451000    0.93332000    0.33676000     -11.78626
4 "general operation" . 
    0.56302000   -0.75608000    0.33369000      74.90983
    0.75475000    0.30591000   -0.58032000     -18.89072
    0.33668000    0.57859000    0.74288000     -57.63221
5 "general operation" . 
   -0.16736000    0.64374000    0.74672000     114.40445
    0.64172000   -0.50386000    0.57821000    -259.40665
    0.74846000    0.57595000   -0.32877000      95.93887
6 "general operation" . 
    0.47686000    0.46685000   -0.74475000     -22.41566
    0.10678000    0.81024000    0.57628000     -34.38459
    0.87247000   -0.35433000    0.33653000     213.36996
7 "general operation" . 
    0.64167000    0.75633000    0.12738000     -24.55426
    0.17410000   -0.30538000    0.93618000    -129.75789
    0.74696000   -0.57854000   -0.32763000     202.35016
8 "general operation" . 
    0.37378000   -0.64381000   -0.66768000     107.31278
    0.86370000    0.50400000   -0.00246000     110.77392
    0.33809000   -0.57576000    0.74444000     114.31043
9 "general operation" . 
   -0.14074000   -0.46858000    0.87214000      83.44088
    0.46213000   -0.81014000   -0.36069000    -114.03713
    0.87557000    0.35228000    0.33057000     -64.67310
10 "general operation" . 
   -0.93637000    0.10808000    0.33397000     220.36848
    0.11078000   -0.81182000    0.57331000    -213.25732
    0.33309000    0.57382000    0.74819000      27.75377
