REMARK 350   BIOMT1   1  1.000000  0.000000  0.000000        0.00000
REMARK 350   BIOMT2   1  0.000000  1.000000  0.000000        0.00000
REMARK 350   BIOMT3   1  0.000000  0.000000  1.000000        0.00000
REMARK 350   BIOMT1   2 -0.333350  0.934120 -0.127680       47.01586
REMARK 350   BIOMT2   2 -0.363120 -0.002230  0.931740     -234.80568
REMARK 350   BIOMT3   2  0.870070  0.356960  0.339940      159.97832
REMARK 350   BIOMT1   3 -0.331630 -0.359030  0.872420      255.24730
REMARK 350   BIOMT2   3  0.935160 -0.003050  0.354220     -132.90915
REMARK 350   BIOMT3   3 -0.124510  0.933320  0.336760      -11.78626
REMARK 350   BIOMT1   4  0.563020 -0.756080  0.333690       74.90983
REMARK 350   BIOMT2   4  0.754750  0.305910 -0.580320      -18.89072
REMARK 350   BIOMT3   4  0.336680  0.578590  0.742880      -57.63221
REMARK 350   BIOMT1   5 -0.167360  0.643740  0.746720      114.40445
REMARK 350   BIOMT2   5  0.641720 -0.503860  0.578210     -259.40665
REMARK 350   BIOMT3   5  0.748460  0.575950 -0.328770       95.93887
REMARK 350   BIOMT1   6  0.476860  0.466850 -0.744750      -22.41566
REMARK 350   BIOMT2   6  0.106780  0.810240  0.576280      -34.38459
REMARK 350   BIOMT3   6  0.872470 -0.354330  0.336530      213.36996
REMARK 350   BIOMT1   7  0.641670  0.756330  0.127380      -24.55426
REMARK 350   BIOMT2   7  0.174100 -0.305380  0.936180     -129.75789
REMARK 350   BIOMT3   7  0.746960 -0.578540 -0.327630      202.35016
REMARK 350   BIOMT1   8  0.373780 -0.643810 -0.667680      107.31278
REMARK 350   BIOMT2   8  0.863700  0.504000 -0.002460      110.77392
REMARK 350   BIOMT3   8  0.338090 -0.575760  0.744440      114.31043
REMARK 350   BIOMT1   9 -0.140740 -0.468580  0.872140       83.44088
REMARK 350   BIOMT2   9  0.462130 -0.810140 -0.360690     -114.03713
REMARK 350   BIOMT3   9  0.875570  0.352280  0.330570      -64.67310
REMARK 350   BIOMT1  10 -0.936370  0.108080  0.333970      220.36848
REMARK 350   BIOMT2  10  0.110780 -0.811820  0.573310     -213.25732
REMARK 350   BIOMT3  10  0.333090  0.573820  0.748190       27.75377
