loop_
_pdbx_struct_oper_list.id
_pdbx_struct_oper_list.type
_pdbx_struct_oper_list.name
_pdbx_struct_oper_list.matrix[1][1]
_pdbx_struct_oper_list.matrix[1][2]
_pdbx_struct_oper_list.matrix[1][3]
_pdbx_struct_oper_list.vector[1]
_pdbx_struct_oper_list.matrix[2][1]
_pdbx_struct_oper_list.matrix[2][2]
_pdbx_struct_oper_list.matrix[2][3]
_pdbx_struct_oper_list.vector[2]
_pdbx_struct_oper_list.matrix[3][1]
_pdbx_struct_oper_list.matrix[3][2]
_pdbx_struct_oper_list.matrix[3][3]
_pdbx_struct_oper_list.vector[3]
1 "general operation" . 
    1.00000000    0.00000000    0.00000000       0.00000
    0.00000000    1.00000000    0.00000000       0.00000
    0.00000000    0.00000000    1.00000000       0.00000
2 "general operation" . 
    0.96783700   -0.25145500   -0.00784046       0.00000
    0.25145500    0.96592600    0.06129820       0.00000
   -0.00784046   -0.06129820    0.99808900       0.00000
3 "general operation" . 
    0.87354000   -0.48577500   -0.03082750       0.00000
    0.48577500    0.86602500    0.11841900       0.00000
   -0.03082750   -0.11841900    0.99248500       0.00000
4 "general operation" . 
    0.72353600   -0.68698900   -0.06739470       0.00000
    0.68698900    0.70710700    0.16747000       0.00000
   -0.06739470   -0.16747000    0.98357100       0.00000
5 "general operation" . 
    0.52804600   -0.84138600   -0.11505000       0.00000
    0.84138600    0.50000000    0.20510800       0.00000
   -0.11505000   -0.20510800    0.97195400       0.00000
6 "general operation" . 
    0.30039400   -0.93844400   -0.17054600       0.00000
    0.93844400    0.25881900    0.22876800       0.00000
   -0.17054600   -0.22876800    0.95842500       0.00000
7 "general operation" . 
    0.05609230   -0.97154900   -0.23010000       0.00000
    0.97154900    0.00000000    0.23683800       0.00000
   -0.23010000   -0.23683800    0.94390800       0.00000
8 "general operation" . 
   -0.18820900   -0.93844400   -0.28965400       0.00000
    0.93844400   -0.25881900    0.22876800       0.00000
   -0.28965400   -0.22876800    0.92939000       0.00000
9 "general operation" . 
   -0.41586200   -0.84138600   -0.34515000       0.00000
    0.84138600   -0.50000000    0.20510800       0.00000
   -0.34515000   -0.20510800    0.91586200       0.00000
10 "general operation" . 
   -0.61135100   -0.68698900   -0.39280500       0.00000
    0.68698900   -0.70710700    0.16747000       0.00000
   -0.39280500   -0.16747000    0.90424400       0.00000
11 "general operation" . 
   -0.76135600   -0.48577500   -0.42937200       0.00000
    0.48577500   -0.86602500    0.11841900       0.00000
   -0.42937200   -0.11841900    0.89533000       0.00000
12 "general operation" . 
   -0.85565300   -0.25145500   -0.45235900       0.00000
    0.25145500   -0.96592600    0.06129820       0.00000
   -0.45235900   -0.06129820    0.88972700       0.00000
13 "general operation" . 
   -0.88781500    0.00000000   -0.46020000       0.00000
    0.00000000   -1.00000000    0.00000000       0.00000
   -0.46020000    0.00000000    0.88781500       0.00000
14 "general operation" . 
   -0.85565300    0.25145500   -0.45235900       0.00000
   -0.25145500   -0.96592600   -0.06129820       0.00000
   -0.45235900    0.06129820    0.88972700       0.00000
15 "general operation" . 
   -0.76135600    0.48577500   -0.42937200       0.00000
   -0.48577500   -0.86602500   -0.11841900       0.00000
   -0.42937200    0.11841900    0.89533000       0.00000
16 "general operation" . 
   -0.61135100    0.68698900   -0.39280500       0.00000
   -0.68698900   -0.70710700   -0.16747000       0.00000
   -0.39280500    0.16747000    0.90424400       0.00000
17 "general operation" . 
   -0.41586200    0.84138600   -0.34515000       0.00000
   -0.84138600   -0.50000000   -0.20510800       0.00000
   -0.34515000    0.20510800    0.91586200       0.00000
18 "general operation" . 
   -0.18820900    0.93844400   -0.28965400       0.00000
   -0.93844400   -0.25881900   -0.22876800       0.00000
   -0.28965400    0.22876800    0.92939000       0.00000
19 "general operation" . 
    0.05609230    0.97154900   -0.23010000       0.00000
   -0.97154900    0.00000000   -0.23683800       0.00000
   -0.23010000    0.23683800    0.94390800       0.00000
20 "general operation" . 
    0.30039400    0.93844400   -0.17054600       0.00000
   -0.93844400    0.25881900   -0.22876800       0.00000
   -0.17054600    0.22876800    0.95842500       0.00000
21 "general operation" . 
    0.52804600    0.84138600   -0.11505000       0.00000
   -0.84138600    0.50000000   -0.20510800       0.00000
   -0.11505000    0.20510800    0.97195400       0.00000
22 "general operation" . 
    0.72353600    0.68698900   -0.06739470       0.00000
   -0.68698900    0.70710700   -0.16747000       0.00000
   -0.06739470    0.16747000    0.98357100       0.00000
23 "general operation" . 
    0.87354000    0.48577500   -0.03082750       0.00000
   -0.48577500    0.86602500   -0.11841900       0.00000
   -0.03082750    0.11841900    0.99248500       0.00000
24 "general operation" . 
    0.96783700    0.25145500   -0.00784046       0.00000
   -0.25145500    0.96592600   -0.06129820       0.00000
   -0.00784046    0.06129820    0.99808900       0.00000
