REMARK 350   BIOMT1   1  1.000000  0.000000  0.000000        0.00000
REMARK 350   BIOMT2   1  0.000000  1.000000  0.000000        0.00000
REMARK 350   BIOMT3   1  0.000000  0.000000  1.000000        0.00000
REMARK 350   BIOMT1   2  0.967837 -0.251455 -0.007840        0.00000
REMARK 350   BIOMT2   2  0.251455  0.965926  0.061298        0.00000
REMARK 350   BIOMT3   2 -0.007840 -0.061298  0.998089        0.00000
REMARK 350   BIOMT1   3  0.873540 -0.485775 -0.030828        0.00000
REMARK 350   BIOMT2   3  0.485775  0.866025  0.118419        0.00000
REMARK 350   BIOMT3   3 -0.030828 -0.118419  0.992485        0.00000
REMARK 350   BIOMT1   4  0.723536 -0.686989 -0.067395        0.00000
REMARK 350   BIOMT2   4  0.686989  0.707107  0.167470        0.00000
REMARK 350   BIOMT3   4 -0.067395 -0.167470  0.983571        0.00000
REMARK 350   BIOMT1   5  0.528046 -0.841386 -0.115050        0.00000
REMARK 350   BIOMT2   5  0.841386  0.500000  0.205108        0.00000
REMARK 350   BIOMT3   5 -0.115050 -0.205108  0.971954        0.00000
REMARK 350   BIOMT1   6  0.300394 -0.938444 -0.170546        0.00000
REMARK 350   BIOMT2   6  0.938444  0.258819  0.228768        0.00000
REMARK 350   BIOMT3   6 -0.170546 -0.228768  0.958425        0.00000
REMARK 350   BIOMT1   7  0.056092 -0.971549 -0.230100        0.00000
REMARK 350   BIOMT2   7  0.971549  0.000000  0.236838        0.00000
REMARK 350   BIOMT3   7 -0.230100 -0.236838  0.943908        0.00000
REMARK 350   BIOMT1   8 -0.188209 -0.938444 -0.289654        0.00000
REMARK 350   BIOMT2   8  0.938444 -0.258819  0.228768        0.00000
REMARK 350   BIOMT3   8 -0.289654 -0.228768  0.929390        0.00000
REMARK 350   BIOMT1   9 -0.415862 -0.841386 -0.345150        0.00000
REMARK 350   BIOMT2   9  0.841386 -0.500000  0.205108        0.00000
REMARK 350   BIOMT3   9 -0.345150 -0.205108  0.915862        0.00000
REMARK 350   BIOMT1  10 -0.611351 -0.686989 -0.392805        0.00000
REMARK 350   BIOMT2  10  0.686989 -0.707107  0.167470        0.00000
REMARK 350   BIOMT3  10 -0.392805 -0.167470  0.904244        0.00000
REMARK 350   BIOMT1  11 -0.761356 -0.485775 -0.429372        0.00000
REMARK 350   BIOMT2  11  0.485775 -0.866025  0.118419        0.00000
REMARK 350   BIOMT3  11 -0.429372 -0.118419  0.895330        0.00000
REMARK 350   BIOMT1  12 -0.855653 -0.251455 -0.452359        0.00000
REMARK 350   BIOMT2  12  0.251455 -0.965926  0.061298        0.00000
REMARK 350   BIOMT3  12 -0.452359 -0.061298  0.889727        0.00000
REMARK 350   BIOMT1  13 -0.887815  0.000000 -0.460200        0.00000
REMARK 350   BIOMT2  13  0.000000 -1.000000  0.000000        0.00000
REMARK 350   BIOMT3  13 -0.460200  0.000000  0.887815        0.00000
REMARK 350   BIOMT1  14 -0.855653  0.251455 -0.452359        0.00000
REMARK 350   BIOMT2  14 -0.251455 -0.965926 -0.061298        0.00000
REMARK 350   BIOMT3  14 -0.452359  0.061298  0.889727        0.00000
REMARK 350   BIOMT1  15 -0.761356  0.485775 -0.429372        0.00000
REMARK 350   BIOMT2  15 -0.485775 -0.866025 -0.118419        0.00000
REMARK 350   BIOMT3  15 -0.429372  0.118419  0.895330        0.00000
REMARK 350   BIOMT1  16 -0.611351  0.686989 -0.392805        0.00000
REMARK 350   BIOMT2  16 -0.686989 -0.707107 -0.167470        0.00000
REMARK 350   BIOMT3  16 -0.392805  0.167470  0.904244        0.00000
REMARK 350   BIOMT1  17 -0.415862  0.841386 -0.345150        0.00000
REMARK 350   BIOMT2  17 -0.841386 -0.500000 -0.205108        0.00000
REMARK 350   BIOMT3  17 -0.345150  0.205108  0.915862        0.00000
REMARK 350   BIOMT1  18 -0.188209  0.938444 -0.289654        0.00000
REMARK 350   BIOMT2  18 -0.938444 -0.258819 -0.228768        0.00000
REMARK 350   BIOMT3  18 -0.289654  0.228768  0.929390        0.00000
REMARK 350   BIOMT1  19  0.056092  0.971549 -0.230100        0.00000
REMARK 350   BIOMT2  19 -0.971549  0.000000 -0.236838        0.00000
REMARK 350   BIOMT3  19 -0.230100  0.236838  0.943908        0.00000
REMARK 350   BIOMT1  20  0.300394  0.938444 -0.170546        0.00000
REMARK 350   BIOMT2  20 -0.938444  0.258819 -0.228768        0.00000
REMARK 350   BIOMT3  20 -0.170546  0.228768  0.958425        0.00000
REMARK 350   BIOMT1  21  0.528046  0.841386 -0.115050        0.00000
REMARK 350   BIOMT2  21 -0.841386  0.500000 -0.205108        0.00000
REMARK 350   BIOMT3  21 -0.115050  0.205108  0.971954        0.00000
REMARK 350   BIOMT1  22  0.723536  0.686989 -0.067395        0.00000
REMARK 350   BIOMT2  22 -0.686989  0.707107 -0.167470        0.00000
REMARK 350   BIOMT3  22 -0.067395  0.167470  0.983571        0.00000
REMARK 350   BIOMT1  23  0.873540  0.485775 -0.030828        0.00000
REMARK 350   BIOMT2  23 -0.485775  0.866025 -0.118419        0.00000
REMARK 350   BIOMT3  23 -0.030828  0.118419  0.992485        0.00000
REMARK 350   BIOMT1  24  0.967837  0.251455 -0.007840        0.00000
REMARK 350   BIOMT2  24 -0.251455  0.965926 -0.061298        0.00000
REMARK 350   BIOMT3  24 -0.007840  0.061298  0.998089        0.00000
