REMARK 350   BIOMT1   1 -0.949056 -0.315108  0.000000        0.00000
REMARK 350   BIOMT2   1  0.315108 -0.949056  0.000000        0.00000
REMARK 350   BIOMT3   1  0.000000  0.000000  1.000000     -650.20408
REMARK 350   BIOMT1   2 -0.997945  0.064070  0.000000        0.00000
REMARK 350   BIOMT2   2 -0.064070 -0.997945  0.000000        0.00000
REMARK 350   BIOMT3   2  0.000000  0.000000  1.000000     -648.75918
REMARK 350   BIOMT1   3 -0.900969  0.433884  0.000000        0.00000
REMARK 350   BIOMT2   3 -0.433884 -0.900969  0.000000        0.00000
REMARK 350   BIOMT3   3  0.000000  0.000000  1.000000     -647.31429
REMARK 350   BIOMT1   4 -0.672301  0.740278  0.000000        0.00000
REMARK 350   BIOMT2   4 -0.740278 -0.672301  0.000000        0.00000
REMARK 350   BIOMT3   4  0.000000  0.000000  1.000000     -645.86939
REMARK 350   BIOMT1   5 -0.345365  0.938468  0.000000        0.00000
REMARK 350   BIOMT2   5 -0.938468 -0.345365  0.000000        0.00000
REMARK 350   BIOMT3   5  0.000000  0.000000  1.000000     -644.42449
REMARK 350   BIOMT1   6  0.032052  0.999486  0.000000        0.00000
REMARK 350   BIOMT2   6 -0.999486  0.032052  0.000000        0.00000
REMARK 350   BIOMT3   6  0.000000  0.000000  1.000000     -642.97959
REMARK 350   BIOMT1   7  0.404783  0.914413  0.000000        0.00000
REMARK 350   BIOMT2   7 -0.914413  0.404783  0.000000        0.00000
REMARK 350   BIOMT3   7  0.000000  0.000000  1.000000     -641.53469
REMARK 350   BIOMT1   8  0.718349  0.695683  0.000000        0.00000
REMARK 350   BIOMT2   8 -0.695683  0.718349  0.000000        0.00000
REMARK 350   BIOMT3   8  0.000000  0.000000  1.000000     -640.08980
REMARK 350   BIOMT1   9  0.926917  0.375267  0.000000        0.00000
REMARK 350   BIOMT2   9 -0.375267  0.926917  0.000000        0.00000
REMARK 350   BIOMT3   9  0.000000  0.000000  1.000000     -638.64490
REMARK 350   BIOMT1  10  1.000000  0.000000  0.000000        0.00000
REMARK 350   BIOMT2  10 -0.000000  1.000000  0.000000        0.00000
REMARK 350   BIOMT3  10  0.000000  0.000000  1.000000     -637.20000
REMARK 350   BIOMT1  11  0.926917 -0.375267  0.000000        0.00000
REMARK 350   BIOMT2  11  0.375267  0.926917  0.000000        0.00000
REMARK 350   BIOMT3  11  0.000000  0.000000  1.000000     -635.75510
REMARK 350   BIOMT1  12  0.718349 -0.695683  0.000000        0.00000
REMARK 350   BIOMT2  12  0.695683  0.718349  0.000000        0.00000
REMARK 350   BIOMT3  12  0.000000  0.000000  1.000000     -634.31020
REMARK 350   BIOMT1  13  0.404783 -0.914413  0.000000        0.00000
REMARK 350   BIOMT2  13  0.914413  0.404783  0.000000        0.00000
REMARK 350   BIOMT3  13  0.000000  0.000000  1.000000     -632.86531
REMARK 350   BIOMT1  14  0.032052 -0.999486  0.000000        0.00000
REMARK 350   BIOMT2  14  0.999486  0.032052  0.000000        0.00000
REMARK 350   BIOMT3  14  0.000000  0.000000  1.000000     -631.42041
REMARK 350   BIOMT1  15 -0.345365 -0.938468  0.000000        0.00000
REMARK 350   BIOMT2  15  0.938468 -0.345365  0.000000        0.00000
REMARK 350   BIOMT3  15  0.000000  0.000000  1.000000     -629.97551
REMARK 350   BIOMT1  16 -0.672301 -0.740278  0.000000        0.00000
REMARK 350   BIOMT2  16  0.740278 -0.672301  0.000000        0.00000
REMARK 350   BIOMT3  16  0.000000  0.000000  1.000000     -628.53061
REMARK 350   BIOMT1  17 -0.900969 -0.433884  0.000000        0.00000
REMARK 350   BIOMT2  17  0.433884 -0.900969  0.000000        0.00000
REMARK 350   BIOMT3  17  0.000000  0.000000  1.000000     -627.08571
REMARK 350   BIOMT1  18 -0.997945 -0.064070  0.000000        0.00000
REMARK 350   BIOMT2  18  0.064070 -0.997945  0.000000        0.00000
REMARK 350   BIOMT3  18  0.000000  0.000000  1.000000     -625.64082
REMARK 350   BIOMT1  19 -0.949056  0.315108  0.000000        0.00000
REMARK 350   BIOMT2  19 -0.315108 -0.949056  0.000000        0.00000
REMARK 350   BIOMT3  19  0.000000  0.000000  1.000000     -624.19592
REMARK 350   BIOMT1  20 -0.761446  0.648228  0.000000        0.00000
REMARK 350   BIOMT2  20 -0.648228 -0.761446  0.000000        0.00000
REMARK 350   BIOMT3  20  0.000000  0.000000  1.000000     -622.75102
REMARK 350   BIOMT1  21 -0.462538  0.886599  0.000000        0.00000
REMARK 350   BIOMT2  21 -0.886599 -0.462538  0.000000        0.00000
REMARK 350   BIOMT3  21  0.000000  0.000000  1.000000     -621.30612
REMARK 350   BIOMT1  22 -0.096023  0.995379  0.000000        0.00000
REMARK 350   BIOMT2  22 -0.995379 -0.096023  0.000000        0.00000
REMARK 350   BIOMT3  22  0.000000  0.000000  1.000000     -619.86122
REMARK 350   BIOMT1  23  0.284528  0.958668  0.000000        0.00000
REMARK 350   BIOMT2  23 -0.958668  0.284528  0.000000        0.00000
REMARK 350   BIOMT3  23  0.000000  0.000000  1.000000     -618.41633
REMARK 350   BIOMT1  24  0.623490  0.781831  0.000000        0.00000
REMARK 350   BIOMT2  24 -0.781831  0.623490  0.000000        0.00000
REMARK 350   BIOMT3  24  0.000000  0.000000  1.000000     -616.97143
REMARK 350   BIOMT1  25  0.871319  0.490718  0.000000        0.00000
REMARK 350   BIOMT2  25 -0.490718  0.871319  0.000000        0.00000
REMARK 350   BIOMT3  25  0.000000  0.000000  1.000000     -615.52653
REMARK 350   BIOMT1  26  0.991790  0.127877  0.000000        0.00000
REMARK 350   BIOMT2  26 -0.127877  0.991790  0.000000        0.00000
REMARK 350   BIOMT3  26  0.000000  0.000000  1.000000     -614.08163
REMARK 350   BIOMT1  27  0.967295 -0.253655  0.000000        0.00000
REMARK 350   BIOMT2  27  0.253655  0.967295  0.000000        0.00000
REMARK 350   BIOMT3  27  0.000000  0.000000  1.000000     -612.63673
REMARK 350   BIOMT1  28  0.801414 -0.598111  0.000000        0.00000
REMARK 350   BIOMT2  28  0.598111  0.801414  0.000000        0.00000
REMARK 350   BIOMT3  28  0.000000  0.000000  1.000000     -611.19184
REMARK 350   BIOMT1  29  0.518393 -0.855143  0.000000        0.00000
REMARK 350   BIOMT2  29  0.855143  0.518393  0.000000        0.00000
REMARK 350   BIOMT3  29  0.000000  0.000000  1.000000     -609.74694
REMARK 350   BIOMT1  30  0.159600 -0.987182  0.000000        0.00000
REMARK 350   BIOMT2  30  0.987182  0.159600  0.000000        0.00000
REMARK 350   BIOMT3  30  0.000000  0.000000  1.000000     -608.30204
REMARK 350   BIOMT1  31 -0.222521 -0.974928  0.000000        0.00000
REMARK 350   BIOMT2  31  0.974928 -0.222521  0.000000        0.00000
REMARK 350   BIOMT3  31  0.000000  0.000000  1.000000     -606.85714
REMARK 350   BIOMT1  32 -0.572117 -0.820172  0.000000        0.00000
REMARK 350   BIOMT2  32  0.820172 -0.572117  0.000000        0.00000
REMARK 350   BIOMT3  32  0.000000  0.000000  1.000000     -605.41224
REMARK 350   BIOMT1  33 -0.838088 -0.545535  0.000000        0.00000
REMARK 350   BIOMT2  33  0.545535 -0.838088  0.000000        0.00000
REMARK 350   BIOMT3  33  0.000000  0.000000  1.000000     -603.96735
REMARK 350   BIOMT1  34 -0.981559 -0.191159  0.000000        0.00000
REMARK 350   BIOMT2  34  0.191159 -0.981559  0.000000        0.00000
REMARK 350   BIOMT3  34  0.000000  0.000000  1.000000     -602.52245
REMARK 350   BIOMT1  35 -0.981559  0.191159  0.000000        0.00000
REMARK 350   BIOMT2  35 -0.191159 -0.981559  0.000000        0.00000
REMARK 350   BIOMT3  35  0.000000  0.000000  1.000000     -601.07755
REMARK 350   BIOMT1  36 -0.838088  0.545535  0.000000        0.00000
REMARK 350   BIOMT2  36 -0.545535 -0.838088  0.000000        0.00000
REMARK 350   BIOMT3  36  0.000000  0.000000  1.000000     -599.63265
REMARK 350   BIOMT1  37 -0.572117  0.820172  0.000000        0.00000
REMARK 350   BIOMT2  37 -0.820172 -0.572117  0.000000        0.00000
REMARK 350   BIOMT3  37  0.000000  0.000000  1.000000     -598.18776
REMARK 350   BIOMT1  38 -0.222521  0.974928  0.000000        0.00000
REMARK 350   BIOMT2  38 -0.974928 -0.222521  0.000000        0.00000
REMARK 350   BIOMT3  38  0.000000  0.000000  1.000000     -596.74286
REMARK 350   BIOMT1  39  0.159600  0.987182  0.000000        0.00000
REMARK 350   BIOMT2  39 -0.987182  0.159600  0.000000        0.00000
REMARK 350   BIOMT3  39  0.000000  0.000000  1.000000     -595.29796
REMARK 350   BIOMT1  40  0.518393  0.855143  0.000000        0.00000
REMARK 350   BIOMT2  40 -0.855143  0.518393  0.000000        0.00000
REMARK 350   BIOMT3  40  0.000000  0.000000  1.000000     -593.85306
REMARK 350   BIOMT1  41  0.801414  0.598111  0.000000        0.00000
REMARK 350   BIOMT2  41 -0.598111  0.801414  0.000000        0.00000
REMARK 350   BIOMT3  41  0.000000  0.000000  1.000000     -592.40816
REMARK 350   BIOMT1  42  0.967295  0.253655  0.000000        0.00000
REMARK 350   BIOMT2  42 -0.253655  0.967295  0.000000        0.00000
REMARK 350   BIOMT3  42  0.000000  0.000000  1.000000     -590.96327
REMARK 350   BIOMT1  43  0.991790 -0.127877  0.000000        0.00000
REMARK 350   BIOMT2  43  0.127877  0.991790  0.000000        0.00000
REMARK 350   BIOMT3  43  0.000000  0.000000  1.000000     -589.51837
REMARK 350   BIOMT1  44  0.871319 -0.490718  0.000000        0.00000
REMARK 350   BIOMT2  44  0.490718  0.871319  0.000000        0.00000
REMARK 350   BIOMT3  44  0.000000  0.000000  1.000000     -588.07347
REMARK 350   BIOMT1  45  0.623490 -0.781831  0.000000        0.00000
REMARK 350   BIOMT2  45  0.781831  0.623490  0.000000        0.00000
REMARK 350   BIOMT3  45  0.000000  0.000000  1.000000     -586.62857
REMARK 350   BIOMT1  46  0.284528 -0.958668  0.000000        0.00000
REMARK 350   BIOMT2  46  0.958668  0.284528  0.000000        0.00000
REMARK 350   BIOMT3  46  0.000000  0.000000  1.000000     -585.18367
REMARK 350   BIOMT1  47 -0.096023 -0.995379  0.000000        0.00000
REMARK 350   BIOMT2  47  0.995379 -0.096023  0.000000        0.00000
REMARK 350   BIOMT3  47  0.000000  0.000000  1.000000     -583.73878
REMARK 350   BIOMT1  48 -0.462538 -0.886599  0.000000        0.00000
REMARK 350   BIOMT2  48  0.886599 -0.462538  0.000000        0.00000
REMARK 350   BIOMT3  48  0.000000  0.000000  1.000000     -582.29388
REMARK 350   BIOMT1  49 -0.761446 -0.648228  0.000000        0.00000
REMARK 350   BIOMT2  49  0.648228 -0.761446  0.000000        0.00000
REMARK 350   BIOMT3  49  0.000000  0.000000  1.000000     -580.84898
REMARK 350   BIOMT1  50 -0.949056 -0.315108  0.000000        0.00000
REMARK 350   BIOMT2  50  0.315108 -0.949056  0.000000        0.00000
REMARK 350   BIOMT3  50  0.000000  0.000000  1.000000     -579.40408
REMARK 350   BIOMT1  51 -0.997945  0.064070  0.000000        0.00000
REMARK 350   BIOMT2  51 -0.064070 -0.997945  0.000000        0.00000
REMARK 350   BIOMT3  51  0.000000  0.000000  1.000000     -577.95918
REMARK 350   BIOMT1  52 -0.900969  0.433884  0.000000        0.00000
REMARK 350   BIOMT2  52 -0.433884 -0.900969  0.000000        0.00000
REMARK 350   BIOMT3  52  0.000000  0.000000  1.000000     -576.51429
REMARK 350   BIOMT1  53 -0.672301  0.740278  0.000000        0.00000
REMARK 350   BIOMT2  53 -0.740278 -0.672301  0.000000        0.00000
REMARK 350   BIOMT3  53  0.000000  0.000000  1.000000     -575.06939
REMARK 350   BIOMT1  54 -0.345365  0.938468  0.000000        0.00000
REMARK 350   BIOMT2  54 -0.938468 -0.345365  0.000000        0.00000
REMARK 350   BIOMT3  54  0.000000  0.000000  1.000000     -573.62449
REMARK 350   BIOMT1  55  0.032052  0.999486  0.000000        0.00000
REMARK 350   BIOMT2  55 -0.999486  0.032052  0.000000        0.00000
REMARK 350   BIOMT3  55  0.000000  0.000000  1.000000     -572.17959
REMARK 350   BIOMT1  56  0.404783  0.914413  0.000000        0.00000
REMARK 350   BIOMT2  56 -0.914413  0.404783  0.000000        0.00000
REMARK 350   BIOMT3  56  0.000000  0.000000  1.000000     -570.73469
REMARK 350   BIOMT1  57  0.718349  0.695683  0.000000        0.00000
REMARK 350   BIOMT2  57 -0.695683  0.718349  0.000000        0.00000
REMARK 350   BIOMT3  57  0.000000  0.000000  1.000000     -569.28980
REMARK 350   BIOMT1  58  0.926917  0.375267  0.000000        0.00000
REMARK 350   BIOMT2  58 -0.375267  0.926917  0.000000        0.00000
REMARK 350   BIOMT3  58  0.000000  0.000000  1.000000     -567.84490
REMARK 350   BIOMT1  59  1.000000  0.000000  0.000000        0.00000
REMARK 350   BIOMT2  59 -0.000000  1.000000  0.000000        0.00000
REMARK 350   BIOMT3  59  0.000000  0.000000  1.000000     -566.40000
REMARK 350   BIOMT1  60  0.926917 -0.375267  0.000000        0.00000
REMARK 350   BIOMT2  60  0.375267  0.926917  0.000000        0.00000
REMARK 350   BIOMT3  60  0.000000  0.000000  1.000000     -564.95510
REMARK 350   BIOMT1  61  0.718349 -0.695683  0.000000        0.00000
REMARK 350   BIOMT2  61  0.695683  0.718349  0.000000        0.00000
REMARK 350   BIOMT3  61  0.000000  0.000000  1.000000     -563.51020
REMARK 350   BIOMT1  62  0.404783 -0.914413  0.000000        0.00000
REMARK 350   BIOMT2  62  0.914413  0.404783  0.000000        0.00000
REMARK 350   BIOMT3  62  0.000000  0.000000  1.000000     -562.06531
REMARK 350   BIOMT1  63  0.032052 -0.999486  0.000000        0.00000
REMARK 350   BIOMT2  63  0.999486  0.032052  0.000000        0.00000
REMARK 350   BIOMT3  63  0.000000  0.000000  1.000000     -560.62041
REMARK 350   BIOMT1  64 -0.345365 -0.938468  0.000000        0.00000
REMARK 350   BIOMT2  64  0.938468 -0.345365  0.000000        0.00000
REMARK 350   BIOMT3  64  0.000000  0.000000  1.000000     -559.17551
REMARK 350   BIOMT1  65 -0.672301 -0.740278  0.000000        0.00000
REMARK 350   BIOMT2  65  0.740278 -0.672301  0.000000        0.00000
REMARK 350   BIOMT3  65  0.000000  0.000000  1.000000     -557.73061
REMARK 350   BIOMT1  66 -0.900969 -0.433884  0.000000        0.00000
REMARK 350   BIOMT2  66  0.433884 -0.900969  0.000000        0.00000
REMARK 350   BIOMT3  66  0.000000  0.000000  1.000000     -556.28571
REMARK 350   BIOMT1  67 -0.997945 -0.064070  0.000000        0.00000
REMARK 350   BIOMT2  67  0.064070 -0.997945  0.000000        0.00000
REMARK 350   BIOMT3  67  0.000000  0.000000  1.000000     -554.84082
REMARK 350   BIOMT1  68 -0.949056  0.315108  0.000000        0.00000
REMARK 350   BIOMT2  68 -0.315108 -0.949056  0.000000        0.00000
REMARK 350   BIOMT3  68  0.000000  0.000000  1.000000     -553.39592
REMARK 350   BIOMT1  69 -0.761446  0.648228  0.000000        0.00000
REMARK 350   BIOMT2  69 -0.648228 -0.761446  0.000000        0.00000
REMARK 350   BIOMT3  69  0.000000  0.000000  1.000000     -551.95102
REMARK 350   BIOMT1  70 -0.462538  0.886599  0.000000        0.00000
REMARK 350   BIOMT2  70 -0.886599 -0.462538  0.000000        0.00000
REMARK 350   BIOMT3  70  0.000000  0.000000  1.000000     -550.50612
REMARK 350   BIOMT1  71 -0.096023  0.995379  0.000000        0.00000
REMARK 350   BIOMT2  71 -0.995379 -0.096023  0.000000        0.00000
REMARK 350   BIOMT3  71  0.000000  0.000000  1.000000     -549.06122
REMARK 350   BIOMT1  72  0.284528  0.958668  0.000000        0.00000
REMARK 350   BIOMT2  72 -0.958668  0.284528  0.000000        0.00000
REMARK 350   BIOMT3  72  0.000000  0.000000  1.000000     -547.61633
REMARK 350   BIOMT1  73  0.623490  0.781831  0.000000        0.00000
REMARK 350   BIOMT2  73 -0.781831  0.623490  0.000000        0.00000
REMARK 350   BIOMT3  73  0.000000  0.000000  1.000000     -546.17143
REMARK 350   BIOMT1  74  0.871319  0.490718  0.000000        0.00000
REMARK 350   BIOMT2  74 -0.490718  0.871319  0.000000        0.00000
REMARK 350   BIOMT3  74  0.000000  0.000000  1.000000     -544.72653
REMARK 350   BIOMT1  75  0.991790  0.127877  0.000000        0.00000
REMARK 350   BIOMT2  75 -0.127877  0.991790  0.000000        0.00000
REMARK 350   BIOMT3  75  0.000000  0.000000  1.000000     -543.28163
REMARK 350   BIOMT1  76  0.967295 -0.253655  0.000000        0.00000
REMARK 350   BIOMT2  76  0.253655  0.967295  0.000000        0.00000
REMARK 350   BIOMT3  76  0.000000  0.000000  1.000000     -541.83673
REMARK 350   BIOMT1  77  0.801414 -0.598111  0.000000        0.00000
REMARK 350   BIOMT2  77  0.598111  0.801414  0.000000        0.00000
REMARK 350   BIOMT3  77  0.000000  0.000000  1.000000     -540.39184
REMARK 350   BIOMT1  78  0.518393 -0.855143  0.000000        0.00000
REMARK 350   BIOMT2  78  0.855143  0.518393  0.000000        0.00000
REMARK 350   BIOMT3  78  0.000000  0.000000  1.000000     -538.94694
REMARK 350   BIOMT1  79  0.159600 -0.987182  0.000000        0.00000
REMARK 350   BIOMT2  79  0.987182  0.159600  0.000000        0.00000
REMARK 350   BIOMT3  79  0.000000  0.000000  1.000000     -537.50204
REMARK 350   BIOMT1  80 -0.222521 -0.974928  0.000000        0.00000
REMARK 350   BIOMT2  80  0.974928 -0.222521  0.000000        0.00000
REMARK 350   BIOMT3  80  0.000000  0.000000  1.000000     -536.05714
REMARK 350   BIOMT1  81 -0.572117 -0.820172  0.000000        0.00000
REMARK 350   BIOMT2  81  0.820172 -0.572117  0.000000        0.00000
REMARK 350   BIOMT3  81  0.000000  0.000000  1.000000     -534.61224
REMARK 350   BIOMT1  82 -0.838088 -0.545535  0.000000        0.00000
REMARK 350   BIOMT2  82  0.545535 -0.838088  0.000000        0.00000
REMARK 350   BIOMT3  82  0.000000  0.000000  1.000000     -533.16735
REMARK 350   BIOMT1  83 -0.981559 -0.191159  0.000000        0.00000
REMARK 350   BIOMT2  83  0.191159 -0.981559  0.000000        0.00000
REMARK 350   BIOMT3  83  0.000000  0.000000  1.000000     -531.72245
REMARK 350   BIOMT1  84 -0.981559  0.191159  0.000000        0.00000
REMARK 350   BIOMT2  84 -0.191159 -0.981559  0.000000        0.00000
REMARK 350   BIOMT3  84  0.000000  0.000000  1.000000     -530.27755
REMARK 350   BIOMT1  85 -0.838088  0.545535  0.000000        0.00000
REMARK 350   BIOMT2  85 -0.545535 -0.838088  0.000000        0.00000
REMARK 350   BIOMT3  85  0.000000  0.000000  1.000000     -528.83265
REMARK 350   BIOMT1  86 -0.572117  0.820172  0.000000        0.00000
REMARK 350   BIOMT2  86 -0.820172 -0.572117  0.000000        0.00000
REMARK 350   BIOMT3  86  0.000000  0.000000  1.000000     -527.38776
REMARK 350   BIOMT1  87 -0.222521  0.974928  0.000000        0.00000
REMARK 350   BIOMT2  87 -0.974928 -0.222521  0.000000        0.00000
REMARK 350   BIOMT3  87  0.000000  0.000000  1.000000     -525.94286
REMARK 350   BIOMT1  88  0.159600  0.987182  0.000000        0.00000
REMARK 350   BIOMT2  88 -0.987182  0.159600  0.000000        0.00000
REMARK 350   BIOMT3  88  0.000000  0.000000  1.000000     -524.49796
REMARK 350   BIOMT1  89  0.518393  0.855143  0.000000        0.00000
REMARK 350   BIOMT2  89 -0.855143  0.518393  0.000000        0.00000
REMARK 350   BIOMT3  89  0.000000  0.000000  1.000000     -523.05306
REMARK 350   BIOMT1  90  0.801414  0.598111  0.000000        0.00000
REMARK 350   BIOMT2  90 -0.598111  0.801414  0.000000        0.00000
REMARK 350   BIOMT3  90  0.000000  0.000000  1.000000     -521.60816
REMARK 350   BIOMT1  91  0.967295  0.253655  0.000000        0.00000
REMARK 350   BIOMT2  91 -0.253655  0.967295  0.000000        0.00000
REMARK 350   BIOMT3  91  0.000000  0.000000  1.000000     -520.16327
REMARK 350   BIOMT1  92  0.991790 -0.127877  0.000000        0.00000
REMARK 350   BIOMT2  92  0.127877  0.991790  0.000000        0.00000
REMARK 350   BIOMT3  92  0.000000  0.000000  1.000000     -518.71837
REMARK 350   BIOMT1  93  0.871319 -0.490718  0.000000        0.00000
REMARK 350   BIOMT2  93  0.490718  0.871319  0.000000        0.00000
REMARK 350   BIOMT3  93  0.000000  0.000000  1.000000     -517.27347
REMARK 350   BIOMT1  94  0.623490 -0.781831  0.000000        0.00000
REMARK 350   BIOMT2  94  0.781831  0.623490  0.000000        0.00000
REMARK 350   BIOMT3  94  0.000000  0.000000  1.000000     -515.82857
REMARK 350   BIOMT1  95  0.284528 -0.958668  0.000000        0.00000
REMARK 350   BIOMT2  95  0.958668  0.284528  0.000000        0.00000
REMARK 350   BIOMT3  95  0.000000  0.000000  1.000000     -514.38367
REMARK 350   BIOMT1  96 -0.096023 -0.995379  0.000000        0.00000
REMARK 350   BIOMT2  96  0.995379 -0.096023  0.000000        0.00000
REMARK 350   BIOMT3  96  0.000000  0.000000  1.000000     -512.93878
REMARK 350   BIOMT1  97 -0.462538 -0.886599  0.000000        0.00000
REMARK 350   BIOMT2  97  0.886599 -0.462538  0.000000        0.00000
REMARK 350   BIOMT3  97  0.000000  0.000000  1.000000     -511.49388
REMARK 350   BIOMT1  98 -0.761446 -0.648228  0.000000        0.00000
REMARK 350   BIOMT2  98  0.648228 -0.761446  0.000000        0.00000
REMARK 350   BIOMT3  98  0.000000  0.000000  1.000000     -510.04898
REMARK 350   BIOMT1  99 -0.949056 -0.315108  0.000000        0.00000
REMARK 350   BIOMT2  99  0.315108 -0.949056  0.000000        0.00000
REMARK 350   BIOMT3  99  0.000000  0.000000  1.000000     -508.60408
REMARK 350   BIOMT1 100 -0.997945  0.064070  0.000000        0.00000
REMARK 350   BIOMT2 100 -0.064070 -0.997945  0.000000        0.00000
REMARK 350   BIOMT3 100  0.000000  0.000000  1.000000     -507.15918
REMARK 350   BIOMT1 101 -0.900969  0.433884  0.000000        0.00000
REMARK 350   BIOMT2 101 -0.433884 -0.900969  0.000000        0.00000
REMARK 350   BIOMT3 101  0.000000  0.000000  1.000000     -505.71429
REMARK 350   BIOMT1 102 -0.672301  0.740278  0.000000        0.00000
REMARK 350   BIOMT2 102 -0.740278 -0.672301  0.000000        0.00000
REMARK 350   BIOMT3 102  0.000000  0.000000  1.000000     -504.26939
REMARK 350   BIOMT1 103 -0.345365  0.938468  0.000000        0.00000
REMARK 350   BIOMT2 103 -0.938468 -0.345365  0.000000        0.00000
REMARK 350   BIOMT3 103  0.000000  0.000000  1.000000     -502.82449
REMARK 350   BIOMT1 104  0.032052  0.999486  0.000000        0.00000
REMARK 350   BIOMT2 104 -0.999486  0.032052  0.000000        0.00000
REMARK 350   BIOMT3 104  0.000000  0.000000  1.000000     -501.37959
REMARK 350   BIOMT1 105  0.404783  0.914413  0.000000        0.00000
REMARK 350   BIOMT2 105 -0.914413  0.404783  0.000000        0.00000
REMARK 350   BIOMT3 105  0.000000  0.000000  1.000000     -499.93469
REMARK 350   BIOMT1 106  0.718349  0.695683  0.000000        0.00000
REMARK 350   BIOMT2 106 -0.695683  0.718349  0.000000        0.00000
REMARK 350   BIOMT3 106  0.000000  0.000000  1.000000     -498.48980
REMARK 350   BIOMT1 107  0.926917  0.375267  0.000000        0.00000
REMARK 350   BIOMT2 107 -0.375267  0.926917  0.000000        0.00000
REMARK 350   BIOMT3 107  0.000000  0.000000  1.000000     -497.04490
REMARK 350   BIOMT1 108  1.000000  0.000000  0.000000        0.00000
REMARK 350   BIOMT2 108 -0.000000  1.000000  0.000000        0.00000
REMARK 350   BIOMT3 108  0.000000  0.000000  1.000000     -495.60000
REMARK 350   BIOMT1 109  0.926917 -0.375267  0.000000        0.00000
REMARK 350   BIOMT2 109  0.375267  0.926917  0.000000        0.00000
REMARK 350   BIOMT3 109  0.000000  0.000000  1.000000     -494.15510
REMARK 350   BIOMT1 110  0.718349 -0.695683  0.000000        0.00000
REMARK 350   BIOMT2 110  0.695683  0.718349  0.000000        0.00000
REMARK 350   BIOMT3 110  0.000000  0.000000  1.000000     -492.71020
REMARK 350   BIOMT1 111  0.404783 -0.914413  0.000000        0.00000
REMARK 350   BIOMT2 111  0.914413  0.404783  0.000000        0.00000
REMARK 350   BIOMT3 111  0.000000  0.000000  1.000000     -491.26531
REMARK 350   BIOMT1 112  0.032052 -0.999486  0.000000        0.00000
REMARK 350   BIOMT2 112  0.999486  0.032052  0.000000        0.00000
REMARK 350   BIOMT3 112  0.000000  0.000000  1.000000     -489.82041
REMARK 350   BIOMT1 113 -0.345365 -0.938468  0.000000        0.00000
REMARK 350   BIOMT2 113  0.938468 -0.345365  0.000000        0.00000
REMARK 350   BIOMT3 113  0.000000  0.000000  1.000000     -488.37551
REMARK 350   BIOMT1 114 -0.672301 -0.740278  0.000000        0.00000
REMARK 350   BIOMT2 114  0.740278 -0.672301  0.000000        0.00000
REMARK 350   BIOMT3 114  0.000000  0.000000  1.000000     -486.93061
REMARK 350   BIOMT1 115 -0.900969 -0.433884  0.000000        0.00000
REMARK 350   BIOMT2 115  0.433884 -0.900969  0.000000        0.00000
REMARK 350   BIOMT3 115  0.000000  0.000000  1.000000     -485.48571
REMARK 350   BIOMT1 116 -0.997945 -0.064070  0.000000        0.00000
REMARK 350   BIOMT2 116  0.064070 -0.997945  0.000000        0.00000
REMARK 350   BIOMT3 116  0.000000  0.000000  1.000000     -484.04082
REMARK 350   BIOMT1 117 -0.949056  0.315108  0.000000        0.00000
REMARK 350   BIOMT2 117 -0.315108 -0.949056  0.000000        0.00000
REMARK 350   BIOMT3 117  0.000000  0.000000  1.000000     -482.59592
REMARK 350   BIOMT1 118 -0.761446  0.648228  0.000000        0.00000
REMARK 350   BIOMT2 118 -0.648228 -0.761446  0.000000        0.00000
REMARK 350   BIOMT3 118  0.000000  0.000000  1.000000     -481.15102
REMARK 350   BIOMT1 119 -0.462538  0.886599  0.000000        0.00000
REMARK 350   BIOMT2 119 -0.886599 -0.462538  0.000000        0.00000
REMARK 350   BIOMT3 119  0.000000  0.000000  1.000000     -479.70612
REMARK 350   BIOMT1 120 -0.096023  0.995379  0.000000        0.00000
REMARK 350   BIOMT2 120 -0.995379 -0.096023  0.000000        0.00000
REMARK 350   BIOMT3 120  0.000000  0.000000  1.000000     -478.26122
REMARK 350   BIOMT1 121  0.284528  0.958668  0.000000        0.00000
REMARK 350   BIOMT2 121 -0.958668  0.284528  0.000000        0.00000
REMARK 350   BIOMT3 121  0.000000  0.000000  1.000000     -476.81633
REMARK 350   BIOMT1 122  0.623490  0.781831  0.000000        0.00000
REMARK 350   BIOMT2 122 -0.781831  0.623490  0.000000        0.00000
REMARK 350   BIOMT3 122  0.000000  0.000000  1.000000     -475.37143
REMARK 350   BIOMT1 123  0.871319  0.490718  0.000000        0.00000
REMARK 350   BIOMT2 123 -0.490718  0.871319  0.000000        0.00000
REMARK 350   BIOMT3 123  0.000000  0.000000  1.000000     -473.92653
REMARK 350   BIOMT1 124  0.991790  0.127877  0.000000        0.00000
REMARK 350   BIOMT2 124 -0.127877  0.991790  0.000000        0.00000
REMARK 350   BIOMT3 124  0.000000  0.000000  1.000000     -472.48163
REMARK 350   BIOMT1 125  0.967295 -0.253655  0.000000        0.00000
REMARK 350   BIOMT2 125  0.253655  0.967295  0.000000        0.00000
REMARK 350   BIOMT3 125  0.000000  0.000000  1.000000     -471.03673
REMARK 350   BIOMT1 126  0.801414 -0.598111  0.000000        0.00000
REMARK 350   BIOMT2 126  0.598111  0.801414  0.000000        0.00000
REMARK 350   BIOMT3 126  0.000000  0.000000  1.000000     -469.59184
REMARK 350   BIOMT1 127  0.518393 -0.855143  0.000000        0.00000
REMARK 350   BIOMT2 127  0.855143  0.518393  0.000000        0.00000
REMARK 350   BIOMT3 127  0.000000  0.000000  1.000000     -468.14694
REMARK 350   BIOMT1 128  0.159600 -0.987182  0.000000        0.00000
REMARK 350   BIOMT2 128  0.987182  0.159600  0.000000        0.00000
REMARK 350   BIOMT3 128  0.000000  0.000000  1.000000     -466.70204
REMARK 350   BIOMT1 129 -0.222521 -0.974928  0.000000        0.00000
REMARK 350   BIOMT2 129  0.974928 -0.222521  0.000000        0.00000
REMARK 350   BIOMT3 129  0.000000  0.000000  1.000000     -465.25714
REMARK 350   BIOMT1 130 -0.572117 -0.820172  0.000000        0.00000
REMARK 350   BIOMT2 130  0.820172 -0.572117  0.000000        0.00000
REMARK 350   BIOMT3 130  0.000000  0.000000  1.000000     -463.81224
REMARK 350   BIOMT1 131 -0.838088 -0.545535  0.000000        0.00000
REMARK 350   BIOMT2 131  0.545535 -0.838088  0.000000        0.00000
REMARK 350   BIOMT3 131  0.000000  0.000000  1.000000     -462.36735
REMARK 350   BIOMT1 132 -0.981559 -0.191159  0.000000        0.00000
REMARK 350   BIOMT2 132  0.191159 -0.981559  0.000000        0.00000
REMARK 350   BIOMT3 132  0.000000  0.000000  1.000000     -460.92245
REMARK 350   BIOMT1 133 -0.981559  0.191159  0.000000        0.00000
REMARK 350   BIOMT2 133 -0.191159 -0.981559  0.000000        0.00000
REMARK 350   BIOMT3 133  0.000000  0.000000  1.000000     -459.47755
REMARK 350   BIOMT1 134 -0.838088  0.545535  0.000000        0.00000
REMARK 350   BIOMT2 134 -0.545535 -0.838088  0.000000        0.00000
REMARK 350   BIOMT3 134  0.000000  0.000000  1.000000     -458.03265
REMARK 350   BIOMT1 135 -0.572117  0.820172  0.000000        0.00000
REMARK 350   BIOMT2 135 -0.820172 -0.572117  0.000000        0.00000
REMARK 350   BIOMT3 135  0.000000  0.000000  1.000000     -456.58776
REMARK 350   BIOMT1 136 -0.222521  0.974928  0.000000        0.00000
REMARK 350   BIOMT2 136 -0.974928 -0.222521  0.000000        0.00000
REMARK 350   BIOMT3 136  0.000000  0.000000  1.000000     -455.14286
REMARK 350   BIOMT1 137  0.159600  0.987182  0.000000        0.00000
REMARK 350   BIOMT2 137 -0.987182  0.159600  0.000000        0.00000
REMARK 350   BIOMT3 137  0.000000  0.000000  1.000000     -453.69796
REMARK 350   BIOMT1 138  0.518393  0.855143  0.000000        0.00000
REMARK 350   BIOMT2 138 -0.855143  0.518393  0.000000        0.00000
REMARK 350   BIOMT3 138  0.000000  0.000000  1.000000     -452.25306
REMARK 350   BIOMT1 139  0.801414  0.598111  0.000000        0.00000
REMARK 350   BIOMT2 139 -0.598111  0.801414  0.000000        0.00000
REMARK 350   BIOMT3 139  0.000000  0.000000  1.000000     -450.80816
REMARK 350   BIOMT1 140  0.967295  0.253655  0.000000        0.00000
REMARK 350   BIOMT2 140 -0.253655  0.967295  0.000000        0.00000
REMARK 350   BIOMT3 140  0.000000  0.000000  1.000000     -449.36327
REMARK 350   BIOMT1 141  0.991790 -0.127877  0.000000        0.00000
REMARK 350   BIOMT2 141  0.127877  0.991790  0.000000        0.00000
REMARK 350   BIOMT3 141  0.000000  0.000000  1.000000     -447.91837
REMARK 350   BIOMT1 142  0.871319 -0.490718  0.000000        0.00000
REMARK 350   BIOMT2 142  0.490718  0.871319  0.000000        0.00000
REMARK 350   BIOMT3 142  0.000000  0.000000  1.000000     -446.47347
REMARK 350   BIOMT1 143  0.623490 -0.781831  0.000000        0.00000
REMARK 350   BIOMT2 143  0.781831  0.623490  0.000000        0.00000
REMARK 350   BIOMT3 143  0.000000  0.000000  1.000000     -445.02857
REMARK 350   BIOMT1 144  0.284528 -0.958668  0.000000        0.00000
REMARK 350   BIOMT2 144  0.958668  0.284528  0.000000        0.00000
REMARK 350   BIOMT3 144  0.000000  0.000000  1.000000     -443.58367
REMARK 350   BIOMT1 145 -0.096023 -0.995379  0.000000        0.00000
REMARK 350   BIOMT2 145  0.995379 -0.096023  0.000000        0.00000
REMARK 350   BIOMT3 145  0.000000  0.000000  1.000000     -442.13878
REMARK 350   BIOMT1 146 -0.462538 -0.886599  0.000000        0.00000
REMARK 350   BIOMT2 146  0.886599 -0.462538  0.000000        0.00000
REMARK 350   BIOMT3 146  0.000000  0.000000  1.000000     -440.69388
REMARK 350   BIOMT1 147 -0.761446 -0.648228  0.000000        0.00000
REMARK 350   BIOMT2 147  0.648228 -0.761446  0.000000        0.00000
REMARK 350   BIOMT3 147  0.000000  0.000000  1.000000     -439.24898
REMARK 350   BIOMT1 148 -0.949056 -0.315108  0.000000        0.00000
REMARK 350   BIOMT2 148  0.315108 -0.949056  0.000000        0.00000
REMARK 350   BIOMT3 148  0.000000  0.000000  1.000000     -437.80408
REMARK 350   BIOMT1 149 -0.997945  0.064070  0.000000        0.00000
REMARK 350   BIOMT2 149 -0.064070 -0.997945  0.000000        0.00000
REMARK 350   BIOMT3 149  0.000000  0.000000  1.000000     -436.35918
REMARK 350   BIOMT1 150 -0.900969  0.433884  0.000000        0.00000
REMARK 350   BIOMT2 150 -0.433884 -0.900969  0.000000        0.00000
REMARK 350   BIOMT3 150  0.000000  0.000000  1.000000     -434.91429
REMARK 350   BIOMT1 151 -0.672301  0.740278  0.000000        0.00000
REMARK 350   BIOMT2 151 -0.740278 -0.672301  0.000000        0.00000
REMARK 350   BIOMT3 151  0.000000  0.000000  1.000000     -433.46939
REMARK 350   BIOMT1 152 -0.345365  0.938468  0.000000        0.00000
REMARK 350   BIOMT2 152 -0.938468 -0.345365  0.000000        0.00000
REMARK 350   BIOMT3 152  0.000000  0.000000  1.000000     -432.02449
REMARK 350   BIOMT1 153  0.032052  0.999486  0.000000        0.00000
REMARK 350   BIOMT2 153 -0.999486  0.032052  0.000000        0.00000
REMARK 350   BIOMT3 153  0.000000  0.000000  1.000000     -430.57959
REMARK 350   BIOMT1 154  0.404783  0.914413  0.000000        0.00000
REMARK 350   BIOMT2 154 -0.914413  0.404783  0.000000        0.00000
REMARK 350   BIOMT3 154  0.000000  0.000000  1.000000     -429.13469
REMARK 350   BIOMT1 155  0.718349  0.695683  0.000000        0.00000
REMARK 350   BIOMT2 155 -0.695683  0.718349  0.000000        0.00000
REMARK 350   BIOMT3 155  0.000000  0.000000  1.000000     -427.68980
REMARK 350   BIOMT1 156  0.926917  0.375267  0.000000        0.00000
REMARK 350   BIOMT2 156 -0.375267  0.926917  0.000000        0.00000
REMARK 350   BIOMT3 156  0.000000  0.000000  1.000000     -426.24490
REMARK 350   BIOMT1 157  1.000000  0.000000  0.000000        0.00000
REMARK 350   BIOMT2 157 -0.000000  1.000000  0.000000        0.00000
REMARK 350   BIOMT3 157  0.000000  0.000000  1.000000     -424.80000
REMARK 350   BIOMT1 158  0.926917 -0.375267  0.000000        0.00000
REMARK 350   BIOMT2 158  0.375267  0.926917  0.000000        0.00000
REMARK 350   BIOMT3 158  0.000000  0.000000  1.000000     -423.35510
REMARK 350   BIOMT1 159  0.718349 -0.695683  0.000000        0.00000
REMARK 350   BIOMT2 159  0.695683  0.718349  0.000000        0.00000
REMARK 350   BIOMT3 159  0.000000  0.000000  1.000000     -421.91020
REMARK 350   BIOMT1 160  0.404783 -0.914413  0.000000        0.00000
REMARK 350   BIOMT2 160  0.914413  0.404783  0.000000        0.00000
REMARK 350   BIOMT3 160  0.000000  0.000000  1.000000     -420.46531
REMARK 350   BIOMT1 161  0.032052 -0.999486  0.000000        0.00000
REMARK 350   BIOMT2 161  0.999486  0.032052  0.000000        0.00000
REMARK 350   BIOMT3 161  0.000000  0.000000  1.000000     -419.02041
REMARK 350   BIOMT1 162 -0.345365 -0.938468  0.000000        0.00000
REMARK 350   BIOMT2 162  0.938468 -0.345365  0.000000        0.00000
REMARK 350   BIOMT3 162  0.000000  0.000000  1.000000     -417.57551
REMARK 350   BIOMT1 163 -0.672301 -0.740278  0.000000        0.00000
REMARK 350   BIOMT2 163  0.740278 -0.672301  0.000000        0.00000
REMARK 350   BIOMT3 163  0.000000  0.000000  1.000000     -416.13061
REMARK 350   BIOMT1 164 -0.900969 -0.433884  0.000000        0.00000
REMARK 350   BIOMT2 164  0.433884 -0.900969  0.000000        0.00000
REMARK 350   BIOMT3 164  0.000000  0.000000  1.000000     -414.68571
REMARK 350   BIOMT1 165 -0.997945 -0.064070  0.000000        0.00000
REMARK 350   BIOMT2 165  0.064070 -0.997945  0.000000        0.00000
REMARK 350   BIOMT3 165  0.000000  0.000000  1.000000     -413.24082
REMARK 350   BIOMT1 166 -0.949056  0.315108  0.000000        0.00000
REMARK 350   BIOMT2 166 -0.315108 -0.949056  0.000000        0.00000
REMARK 350   BIOMT3 166  0.000000  0.000000  1.000000     -411.79592
REMARK 350   BIOMT1 167 -0.761446  0.648228  0.000000        0.00000
REMARK 350   BIOMT2 167 -0.648228 -0.761446  0.000000        0.00000
REMARK 350   BIOMT3 167  0.000000  0.000000  1.000000     -410.35102
REMARK 350   BIOMT1 168 -0.462538  0.886599  0.000000        0.00000
REMARK 350   BIOMT2 168 -0.886599 -0.462538  0.000000        0.00000
REMARK 350   BIOMT3 168  0.000000  0.000000  1.000000     -408.90612
REMARK 350   BIOMT1 169 -0.096023  0.995379  0.000000        0.00000
REMARK 350   BIOMT2 169 -0.995379 -0.096023  0.000000        0.00000
REMARK 350   BIOMT3 169  0.000000  0.000000  1.000000     -407.46122
REMARK 350   BIOMT1 170  0.284528  0.958668  0.000000        0.00000
REMARK 350   BIOMT2 170 -0.958668  0.284528  0.000000        0.00000
REMARK 350   BIOMT3 170  0.000000  0.000000  1.000000     -406.01633
REMARK 350   BIOMT1 171  0.623490  0.781831  0.000000        0.00000
REMARK 350   BIOMT2 171 -0.781831  0.623490  0.000000        0.00000
REMARK 350   BIOMT3 171  0.000000  0.000000  1.000000     -404.57143
REMARK 350   BIOMT1 172  0.871319  0.490718  0.000000        0.00000
REMARK 350   BIOMT2 172 -0.490718  0.871319  0.000000        0.00000
REMARK 350   BIOMT3 172  0.000000  0.000000  1.000000     -403.12653
REMARK 350   BIOMT1 173  0.991790  0.127877  0.000000        0.00000
REMARK 350   BIOMT2 173 -0.127877  0.991790  0.000000        0.00000
REMARK 350   BIOMT3 173  0.000000  0.000000  1.000000     -401.68163
REMARK 350   BIOMT1 174  0.967295 -0.253655  0.000000        0.00000
REMARK 350   BIOMT2 174  0.253655  0.967295  0.000000        0.00000
REMARK 350   BIOMT3 174  0.000000  0.000000  1.000000     -400.23673
REMARK 350   BIOMT1 175  0.801414 -0.598111  0.000000        0.00000
REMARK 350   BIOMT2 175  0.598111  0.801414  0.000000        0.00000
REMARK 350   BIOMT3 175  0.000000  0.000000  1.000000     -398.79184
REMARK 350   BIOMT1 176  0.518393 -0.855143  0.000000        0.00000
REMARK 350   BIOMT2 176  0.855143  0.518393  0.000000        0.00000
REMARK 350   BIOMT3 176  0.000000  0.000000  1.000000     -397.34694
REMARK 350   BIOMT1 177  0.159600 -0.987182  0.000000        0.00000
REMARK 350   BIOMT2 177  0.987182  0.159600  0.000000        0.00000
REMARK 350   BIOMT3 177  0.000000  0.000000  1.000000     -395.90204
REMARK 350   BIOMT1 178 -0.222521 -0.974928  0.000000        0.00000
REMARK 350   BIOMT2 178  0.974928 -0.222521  0.000000        0.00000
REMARK 350   BIOMT3 178  0.000000  0.000000  1.000000     -394.45714
REMARK 350   BIOMT1 179 -0.572117 -0.820172  0.000000        0.00000
REMARK 350   BIOMT2 179  0.820172 -0.572117  0.000000        0.00000
REMARK 350   BIOMT3 179  0.000000  0.000000  1.000000     -393.01224
REMARK 350   BIOMT1 180 -0.838088 -0.545535  0.000000        0.00000
REMARK 350   BIOMT2 180  0.545535 -0.838088  0.000000        0.00000
REMARK 350   BIOMT3 180  0.000000  0.000000  1.000000     -391.56735
REMARK 350   BIOMT1 181 -0.981559 -0.191159  0.000000        0.00000
REMARK 350   BIOMT2 181  0.191159 -0.981559  0.000000        0.00000
REMARK 350   BIOMT3 181  0.000000  0.000000  1.000000     -390.12245
REMARK 350   BIOMT1 182 -0.981559  0.191159  0.000000        0.00000
REMARK 350   BIOMT2 182 -0.191159 -0.981559  0.000000        0.00000
REMARK 350   BIOMT3 182  0.000000  0.000000  1.000000     -388.67755
REMARK 350   BIOMT1 183 -0.838088  0.545535  0.000000        0.00000
REMARK 350   BIOMT2 183 -0.545535 -0.838088  0.000000        0.00000
REMARK 350   BIOMT3 183  0.000000  0.000000  1.000000     -387.23265
REMARK 350   BIOMT1 184 -0.572117  0.820172  0.000000        0.00000
REMARK 350   BIOMT2 184 -0.820172 -0.572117  0.000000        0.00000
REMARK 350   BIOMT3 184  0.000000  0.000000  1.000000     -385.78776
REMARK 350   BIOMT1 185 -0.222521  0.974928  0.000000        0.00000
REMARK 350   BIOMT2 185 -0.974928 -0.222521  0.000000        0.00000
REMARK 350   BIOMT3 185  0.000000  0.000000  1.000000     -384.34286
REMARK 350   BIOMT1 186  0.159600  0.987182  0.000000        0.00000
REMARK 350   BIOMT2 186 -0.987182  0.159600  0.000000        0.00000
REMARK 350   BIOMT3 186  0.000000  0.000000  1.000000     -382.89796
REMARK 350   BIOMT1 187  0.518393  0.855143  0.000000        0.00000
REMARK 350   BIOMT2 187 -0.855143  0.518393  0.000000        0.00000
REMARK 350   BIOMT3 187  0.000000  0.000000  1.000000     -381.45306
REMARK 350   BIOMT1 188  0.801414  0.598111  0.000000        0.00000
REMARK 350   BIOMT2 188 -0.598111  0.801414  0.000000        0.00000
REMARK 350   BIOMT3 188  0.000000  0.000000  1.000000     -380.00816
REMARK 350   BIOMT1 189  0.967295  0.253655  0.000000        0.00000
REMARK 350   BIOMT2 189 -0.253655  0.967295  0.000000        0.00000
REMARK 350   BIOMT3 189  0.000000  0.000000  1.000000     -378.56327
REMARK 350   BIOMT1 190  0.991790 -0.127877  0.000000        0.00000
REMARK 350   BIOMT2 190  0.127877  0.991790  0.000000        0.00000
REMARK 350   BIOMT3 190  0.000000  0.000000  1.000000     -377.11837
REMARK 350   BIOMT1 191  0.871319 -0.490718  0.000000        0.00000
REMARK 350   BIOMT2 191  0.490718  0.871319  0.000000        0.00000
REMARK 350   BIOMT3 191  0.000000  0.000000  1.000000     -375.67347
REMARK 350   BIOMT1 192  0.623490 -0.781831  0.000000        0.00000
REMARK 350   BIOMT2 192  0.781831  0.623490  0.000000        0.00000
REMARK 350   BIOMT3 192  0.000000  0.000000  1.000000     -374.22857
REMARK 350   BIOMT1 193  0.284528 -0.958668  0.000000        0.00000
REMARK 350   BIOMT2 193  0.958668  0.284528  0.000000        0.00000
REMARK 350   BIOMT3 193  0.000000  0.000000  1.000000     -372.78367
