_pdbx_helical_symmetry.entry_id                    1CGM
_pdbx_helical_symmetry.number_of_operations        900
_pdbx_helical_symmetry.rotation_per_n_subunits     1080.000000
_pdbx_helical_symmetry.rise_per_n_subunits         70.800000
_pdbx_helical_symmetry.n_subunits_divisor          49
_pdbx_helical_symmetry.dyad_axis                   no
_pdbx_helical_symmetry.circular_symmetry           1
#
loop_
_pdbx_struct_oper_list.id
_pdbx_struct_oper_list.type 
_pdbx_struct_oper_list.matrix[1][1]
_pdbx_struct_oper_list.matrix[1][2]
_pdbx_struct_oper_list.matrix[1][3]
_pdbx_struct_oper_list.vector[1]
_pdbx_struct_oper_list.matrix[2][1]
_pdbx_struct_oper_list.matrix[2][2]
_pdbx_struct_oper_list.matrix[2][3] 
_pdbx_struct_oper_list.vector[2]
_pdbx_struct_oper_list.matrix[3][1]
_pdbx_struct_oper_list.matrix[3][2] 
_pdbx_struct_oper_list.matrix[3][3]
_pdbx_struct_oper_list.vector[3]
   H      'transform to helical frame'
        1.00000000    0.00000000    0.00000000             0.00000
        0.00000000    1.00000000    0.00000000             0.00000
        0.00000000    0.00000000    1.00000000             0.00000
   1   'helical symmetry operation'
       -0.94905575   -0.31510822    0.00000000             0.00000
        0.31510822   -0.94905575    0.00000000             0.00000
        0.00000000    0.00000000    1.00000000          -650.20408
   2   'helical symmetry operation'
       -0.99794539    0.06407022    0.00000000             0.00000
       -0.06407022   -0.99794539    0.00000000             0.00000
        0.00000000    0.00000000    1.00000000          -648.75918
   3   'helical symmetry operation'
       -0.90096887    0.43388374    0.00000000             0.00000
       -0.43388374   -0.90096887    0.00000000             0.00000
        0.00000000    0.00000000    1.00000000          -647.31429
   4   'helical symmetry operation'
       -0.67230089    0.74027800    0.00000000             0.00000
       -0.74027800   -0.67230089    0.00000000             0.00000
        0.00000000    0.00000000    1.00000000          -645.86939
   5   'helical symmetry operation'
       -0.34536505    0.93846842    0.00000000             0.00000
       -0.93846842   -0.34536505    0.00000000             0.00000
        0.00000000    0.00000000    1.00000000          -644.42449
   6   'helical symmetry operation'
        0.03205158    0.99948622    0.00000000             0.00000
       -0.99948622    0.03205158    0.00000000             0.00000
        0.00000000    0.00000000    1.00000000          -642.97959
   7   'helical symmetry operation'
        0.40478334    0.91441262    0.00000000             0.00000
       -0.91441262    0.40478334    0.00000000             0.00000
        0.00000000    0.00000000    1.00000000          -641.53469
   8   'helical symmetry operation'
        0.71834935    0.69568255    0.00000000             0.00000
       -0.69568255    0.71834935    0.00000000             0.00000
        0.00000000    0.00000000    1.00000000          -640.08980
   9   'helical symmetry operation'
        0.92691676    0.37526700    0.00000000             0.00000
       -0.37526700    0.92691676    0.00000000             0.00000
        0.00000000    0.00000000    1.00000000          -638.64490
  10   'helical symmetry operation'
        1.00000000    0.00000000    0.00000000             0.00000
        0.00000000    1.00000000    0.00000000             0.00000
        0.00000000    0.00000000    1.00000000          -637.20000
  11   'helical symmetry operation'
        0.92691676   -0.37526700    0.00000000             0.00000
        0.37526700    0.92691676    0.00000000             0.00000
        0.00000000    0.00000000    1.00000000          -635.75510
  12   'helical symmetry operation'
        0.71834935   -0.69568255    0.00000000             0.00000
        0.69568255    0.71834935    0.00000000             0.00000
        0.00000000    0.00000000    1.00000000          -634.31020
  13   'helical symmetry operation'
        0.40478334   -0.91441262    0.00000000             0.00000
        0.91441262    0.40478334    0.00000000             0.00000
        0.00000000    0.00000000    1.00000000          -632.86531
  14   'helical symmetry operation'
        0.03205158   -0.99948622    0.00000000             0.00000
        0.99948622    0.03205158    0.00000000             0.00000
        0.00000000    0.00000000    1.00000000          -631.42041
  15   'helical symmetry operation'
       -0.34536505   -0.93846842    0.00000000             0.00000
        0.93846842   -0.34536505    0.00000000             0.00000
        0.00000000    0.00000000    1.00000000          -629.97551
  16   'helical symmetry operation'
       -0.67230089   -0.74027800    0.00000000             0.00000
        0.74027800   -0.67230089    0.00000000             0.00000
        0.00000000    0.00000000    1.00000000          -628.53061
  17   'helical symmetry operation'
       -0.90096887   -0.43388374    0.00000000             0.00000
        0.43388374   -0.90096887    0.00000000             0.00000
        0.00000000    0.00000000    1.00000000          -627.08571
  18   'helical symmetry operation'
       -0.99794539   -0.06407022    0.00000000             0.00000
        0.06407022   -0.99794539    0.00000000             0.00000
        0.00000000    0.00000000    1.00000000          -625.64082
  19   'helical symmetry operation'
       -0.94905575    0.31510822    0.00000000             0.00000
       -0.31510822   -0.94905575    0.00000000             0.00000
        0.00000000    0.00000000    1.00000000          -624.19592
  20   'helical symmetry operation'
       -0.76144596    0.64822840    0.00000000             0.00000
       -0.64822840   -0.76144596    0.00000000             0.00000
        0.00000000    0.00000000    1.00000000          -622.75102
  21   'helical symmetry operation'
       -0.46253829    0.88659931    0.00000000             0.00000
       -0.88659931   -0.46253829    0.00000000             0.00000
        0.00000000    0.00000000    1.00000000          -621.30612
  22   'helical symmetry operation'
       -0.09602303    0.99537911    0.00000000             0.00000
       -0.99537911   -0.09602303    0.00000000             0.00000
        0.00000000    0.00000000    1.00000000          -619.86122
  23   'helical symmetry operation'
        0.28452759    0.95866785    0.00000000             0.00000
       -0.95866785    0.28452759    0.00000000             0.00000
        0.00000000    0.00000000    1.00000000          -618.41633
  24   'helical symmetry operation'
        0.62348980    0.78183148    0.00000000             0.00000
       -0.78183148    0.62348980    0.00000000             0.00000
        0.00000000    0.00000000    1.00000000          -616.97143
  25   'helical symmetry operation'
        0.87131870    0.49071755    0.00000000             0.00000
       -0.49071755    0.87131870    0.00000000             0.00000
        0.00000000    0.00000000    1.00000000          -615.52653
  26   'helical symmetry operation'
        0.99179001    0.12787716    0.00000000             0.00000
       -0.12787716    0.99179001    0.00000000             0.00000
        0.00000000    0.00000000    1.00000000          -614.08163
  27   'helical symmetry operation'
        0.96729486   -0.25365458    0.00000000             0.00000
        0.25365458    0.96729486    0.00000000             0.00000
        0.00000000    0.00000000    1.00000000          -612.63673
  28   'helical symmetry operation'
        0.80141362   -0.59811053    0.00000000             0.00000
        0.59811053    0.80141362    0.00000000             0.00000
        0.00000000    0.00000000    1.00000000          -611.19184
  29   'helical symmetry operation'
        0.51839257   -0.85514276    0.00000000             0.00000
        0.85514276    0.51839257    0.00000000             0.00000
        0.00000000    0.00000000    1.00000000          -609.74694
  30   'helical symmetry operation'
        0.15959990   -0.98718178    0.00000000             0.00000
        0.98718178    0.15959990    0.00000000             0.00000
        0.00000000    0.00000000    1.00000000          -608.30204
  31   'helical symmetry operation'
       -0.22252093   -0.97492791    0.00000000             0.00000
        0.97492791   -0.22252093    0.00000000             0.00000
        0.00000000    0.00000000    1.00000000          -606.85714
  32   'helical symmetry operation'
       -0.57211666   -0.82017225    0.00000000             0.00000
        0.82017225   -0.57211666    0.00000000             0.00000
        0.00000000    0.00000000    1.00000000          -605.41224
  33   'helical symmetry operation'
       -0.83808810   -0.54553490    0.00000000             0.00000
        0.54553490   -0.83808810    0.00000000             0.00000
        0.00000000    0.00000000    1.00000000          -603.96735
  34   'helical symmetry operation'
       -0.98155916   -0.19115863    0.00000000             0.00000
        0.19115863   -0.98155916    0.00000000             0.00000
        0.00000000    0.00000000    1.00000000          -602.52245
  35   'helical symmetry operation'
       -0.98155916    0.19115863    0.00000000             0.00000
       -0.19115863   -0.98155916    0.00000000             0.00000
        0.00000000    0.00000000    1.00000000          -601.07755
  36   'helical symmetry operation'
       -0.83808810    0.54553490    0.00000000             0.00000
       -0.54553490   -0.83808810    0.00000000             0.00000
        0.00000000    0.00000000    1.00000000          -599.63265
  37   'helical symmetry operation'
       -0.57211666    0.82017225    0.00000000             0.00000
       -0.82017225   -0.57211666    0.00000000             0.00000
        0.00000000    0.00000000    1.00000000          -598.18776
  38   'helical symmetry operation'
       -0.22252093    0.97492791    0.00000000             0.00000
       -0.97492791   -0.22252093    0.00000000             0.00000
        0.00000000    0.00000000    1.00000000          -596.74286
  39   'helical symmetry operation'
        0.15959990    0.98718178    0.00000000             0.00000
       -0.98718178    0.15959990    0.00000000             0.00000
        0.00000000    0.00000000    1.00000000          -595.29796
  40   'helical symmetry operation'
        0.51839257    0.85514276    0.00000000             0.00000
       -0.85514276    0.51839257    0.00000000             0.00000
        0.00000000    0.00000000    1.00000000          -593.85306
  41   'helical symmetry operation'
        0.80141362    0.59811053    0.00000000             0.00000
       -0.59811053    0.80141362    0.00000000             0.00000
        0.00000000    0.00000000    1.00000000          -592.40816
  42   'helical symmetry operation'
        0.96729486    0.25365458    0.00000000             0.00000
       -0.25365458    0.96729486    0.00000000             0.00000
        0.00000000    0.00000000    1.00000000          -590.96327
  43   'helical symmetry operation'
        0.99179001   -0.12787716    0.00000000             0.00000
        0.12787716    0.99179001    0.00000000             0.00000
        0.00000000    0.00000000    1.00000000          -589.51837
  44   'helical symmetry operation'
        0.87131870   -0.49071755    0.00000000             0.00000
        0.49071755    0.87131870    0.00000000             0.00000
        0.00000000    0.00000000    1.00000000          -588.07347
  45   'helical symmetry operation'
        0.62348980   -0.78183148    0.00000000             0.00000
        0.78183148    0.62348980    0.00000000             0.00000
        0.00000000    0.00000000    1.00000000          -586.62857
  46   'helical symmetry operation'
        0.28452759   -0.95866785    0.00000000             0.00000
        0.95866785    0.28452759    0.00000000             0.00000
        0.00000000    0.00000000    1.00000000          -585.18367
  47   'helical symmetry operation'
       -0.09602303   -0.99537911    0.00000000             0.00000
        0.99537911   -0.09602303    0.00000000             0.00000
        0.00000000    0.00000000    1.00000000          -583.73878
  48   'helical symmetry operation'
       -0.46253829   -0.88659931    0.00000000             0.00000
        0.88659931   -0.46253829    0.00000000             0.00000
        0.00000000    0.00000000    1.00000000          -582.29388
  49   'helical symmetry operation'
       -0.76144596   -0.64822840    0.00000000             0.00000
        0.64822840   -0.76144596    0.00000000             0.00000
        0.00000000    0.00000000    1.00000000          -580.84898
  50   'helical symmetry operation'
       -0.94905575   -0.31510822    0.00000000             0.00000
        0.31510822   -0.94905575    0.00000000             0.00000
        0.00000000    0.00000000    1.00000000          -579.40408
  51   'helical symmetry operation'
       -0.99794539    0.06407022    0.00000000             0.00000
       -0.06407022   -0.99794539    0.00000000             0.00000
        0.00000000    0.00000000    1.00000000          -577.95918
  52   'helical symmetry operation'
       -0.90096887    0.43388374    0.00000000             0.00000
       -0.43388374   -0.90096887    0.00000000             0.00000
        0.00000000    0.00000000    1.00000000          -576.51429
  53   'helical symmetry operation'
       -0.67230089    0.74027800    0.00000000             0.00000
       -0.74027800   -0.67230089    0.00000000             0.00000
        0.00000000    0.00000000    1.00000000          -575.06939
  54   'helical symmetry operation'
       -0.34536505    0.93846842    0.00000000             0.00000
       -0.93846842   -0.34536505    0.00000000             0.00000
        0.00000000    0.00000000    1.00000000          -573.62449
  55   'helical symmetry operation'
        0.03205158    0.99948622    0.00000000             0.00000
       -0.99948622    0.03205158    0.00000000             0.00000
        0.00000000    0.00000000    1.00000000          -572.17959
  56   'helical symmetry operation'
        0.40478334    0.91441262    0.00000000             0.00000
       -0.91441262    0.40478334    0.00000000             0.00000
        0.00000000    0.00000000    1.00000000          -570.73469
  57   'helical symmetry operation'
        0.71834935    0.69568255    0.00000000             0.00000
       -0.69568255    0.71834935    0.00000000             0.00000
        0.00000000    0.00000000    1.00000000          -569.28980
  58   'helical symmetry operation'
        0.92691676    0.37526700    0.00000000             0.00000
       -0.37526700    0.92691676    0.00000000             0.00000
        0.00000000    0.00000000    1.00000000          -567.84490
  59   'helical symmetry operation'
        1.00000000    0.00000000    0.00000000             0.00000
        0.00000000    1.00000000    0.00000000             0.00000
        0.00000000    0.00000000    1.00000000          -566.40000
  60   'helical symmetry operation'
        0.92691676   -0.37526700    0.00000000             0.00000
        0.37526700    0.92691676    0.00000000             0.00000
        0.00000000    0.00000000    1.00000000          -564.95510
  61   'helical symmetry operation'
        0.71834935   -0.69568255    0.00000000             0.00000
        0.69568255    0.71834935    0.00000000             0.00000
        0.00000000    0.00000000    1.00000000          -563.51020
  62   'helical symmetry operation'
        0.40478334   -0.91441262    0.00000000             0.00000
        0.91441262    0.40478334    0.00000000             0.00000
        0.00000000    0.00000000    1.00000000          -562.06531
  63   'helical symmetry operation'
        0.03205158   -0.99948622    0.00000000             0.00000
        0.99948622    0.03205158    0.00000000             0.00000
        0.00000000    0.00000000    1.00000000          -560.62041
  64   'helical symmetry operation'
       -0.34536505   -0.93846842    0.00000000             0.00000
        0.93846842   -0.34536505    0.00000000             0.00000
        0.00000000    0.00000000    1.00000000          -559.17551
  65   'helical symmetry operation'
       -0.67230089   -0.74027800    0.00000000             0.00000
        0.74027800   -0.67230089    0.00000000             0.00000
        0.00000000    0.00000000    1.00000000          -557.73061
  66   'helical symmetry operation'
       -0.90096887   -0.43388374    0.00000000             0.00000
        0.43388374   -0.90096887    0.00000000             0.00000
        0.00000000    0.00000000    1.00000000          -556.28571
  67   'helical symmetry operation'
       -0.99794539   -0.06407022    0.00000000             0.00000
        0.06407022   -0.99794539    0.00000000             0.00000
        0.00000000    0.00000000    1.00000000          -554.84082
  68   'helical symmetry operation'
       -0.94905575    0.31510822    0.00000000             0.00000
       -0.31510822   -0.94905575    0.00000000             0.00000
        0.00000000    0.00000000    1.00000000          -553.39592
  69   'helical symmetry operation'
       -0.76144596    0.64822840    0.00000000             0.00000
       -0.64822840   -0.76144596    0.00000000             0.00000
        0.00000000    0.00000000    1.00000000          -551.95102
  70   'helical symmetry operation'
       -0.46253829    0.88659931    0.00000000             0.00000
       -0.88659931   -0.46253829    0.00000000             0.00000
        0.00000000    0.00000000    1.00000000          -550.50612
  71   'helical symmetry operation'
       -0.09602303    0.99537911    0.00000000             0.00000
       -0.99537911   -0.09602303    0.00000000             0.00000
        0.00000000    0.00000000    1.00000000          -549.06122
  72   'helical symmetry operation'
        0.28452759    0.95866785    0.00000000             0.00000
       -0.95866785    0.28452759    0.00000000             0.00000
        0.00000000    0.00000000    1.00000000          -547.61633
  73   'helical symmetry operation'
        0.62348980    0.78183148    0.00000000             0.00000
       -0.78183148    0.62348980    0.00000000             0.00000
        0.00000000    0.00000000    1.00000000          -546.17143
  74   'helical symmetry operation'
        0.87131870    0.49071755    0.00000000             0.00000
       -0.49071755    0.87131870    0.00000000             0.00000
        0.00000000    0.00000000    1.00000000          -544.72653
  75   'helical symmetry operation'
        0.99179001    0.12787716    0.00000000             0.00000
       -0.12787716    0.99179001    0.00000000             0.00000
        0.00000000    0.00000000    1.00000000          -543.28163
  76   'helical symmetry operation'
        0.96729486   -0.25365458    0.00000000             0.00000
        0.25365458    0.96729486    0.00000000             0.00000
        0.00000000    0.00000000    1.00000000          -541.83673
  77   'helical symmetry operation'
        0.80141362   -0.59811053    0.00000000             0.00000
        0.59811053    0.80141362    0.00000000             0.00000
        0.00000000    0.00000000    1.00000000          -540.39184
  78   'helical symmetry operation'
        0.51839257   -0.85514276    0.00000000             0.00000
        0.85514276    0.51839257    0.00000000             0.00000
        0.00000000    0.00000000    1.00000000          -538.94694
  79   'helical symmetry operation'
        0.15959990   -0.98718178    0.00000000             0.00000
        0.98718178    0.15959990    0.00000000             0.00000
        0.00000000    0.00000000    1.00000000          -537.50204
  80   'helical symmetry operation'
       -0.22252093   -0.97492791    0.00000000             0.00000
        0.97492791   -0.22252093    0.00000000             0.00000
        0.00000000    0.00000000    1.00000000          -536.05714
  81   'helical symmetry operation'
       -0.57211666   -0.82017225    0.00000000             0.00000
        0.82017225   -0.57211666    0.00000000             0.00000
        0.00000000    0.00000000    1.00000000          -534.61224
  82   'helical symmetry operation'
       -0.83808810   -0.54553490    0.00000000             0.00000
        0.54553490   -0.83808810    0.00000000             0.00000
        0.00000000    0.00000000    1.00000000          -533.16735
  83   'helical symmetry operation'
       -0.98155916   -0.19115863    0.00000000             0.00000
        0.19115863   -0.98155916    0.00000000             0.00000
        0.00000000    0.00000000    1.00000000          -531.72245
  84   'helical symmetry operation'
       -0.98155916    0.19115863    0.00000000             0.00000
       -0.19115863   -0.98155916    0.00000000             0.00000
        0.00000000    0.00000000    1.00000000          -530.27755
  85   'helical symmetry operation'
       -0.83808810    0.54553490    0.00000000             0.00000
       -0.54553490   -0.83808810    0.00000000             0.00000
        0.00000000    0.00000000    1.00000000          -528.83265
  86   'helical symmetry operation'
       -0.57211666    0.82017225    0.00000000             0.00000
       -0.82017225   -0.57211666    0.00000000             0.00000
        0.00000000    0.00000000    1.00000000          -527.38776
  87   'helical symmetry operation'
       -0.22252093    0.97492791    0.00000000             0.00000
       -0.97492791   -0.22252093    0.00000000             0.00000
        0.00000000    0.00000000    1.00000000          -525.94286
  88   'helical symmetry operation'
        0.15959990    0.98718178    0.00000000             0.00000
       -0.98718178    0.15959990    0.00000000             0.00000
        0.00000000    0.00000000    1.00000000          -524.49796
  89   'helical symmetry operation'
        0.51839257    0.85514276    0.00000000             0.00000
       -0.85514276    0.51839257    0.00000000             0.00000
        0.00000000    0.00000000    1.00000000          -523.05306
  90   'helical symmetry operation'
        0.80141362    0.59811053    0.00000000             0.00000
       -0.59811053    0.80141362    0.00000000             0.00000
        0.00000000    0.00000000    1.00000000          -521.60816
  91   'helical symmetry operation'
        0.96729486    0.25365458    0.00000000             0.00000
       -0.25365458    0.96729486    0.00000000             0.00000
        0.00000000    0.00000000    1.00000000          -520.16327
  92   'helical symmetry operation'
        0.99179001   -0.12787716    0.00000000             0.00000
        0.12787716    0.99179001    0.00000000             0.00000
        0.00000000    0.00000000    1.00000000          -518.71837
  93   'helical symmetry operation'
        0.87131870   -0.49071755    0.00000000             0.00000
        0.49071755    0.87131870    0.00000000             0.00000
        0.00000000    0.00000000    1.00000000          -517.27347
  94   'helical symmetry operation'
        0.62348980   -0.78183148    0.00000000             0.00000
        0.78183148    0.62348980    0.00000000             0.00000
        0.00000000    0.00000000    1.00000000          -515.82857
  95   'helical symmetry operation'
        0.28452759   -0.95866785    0.00000000             0.00000
        0.95866785    0.28452759    0.00000000             0.00000
        0.00000000    0.00000000    1.00000000          -514.38367
  96   'helical symmetry operation'
       -0.09602303   -0.99537911    0.00000000             0.00000
        0.99537911   -0.09602303    0.00000000             0.00000
        0.00000000    0.00000000    1.00000000          -512.93878
  97   'helical symmetry operation'
       -0.46253829   -0.88659931    0.00000000             0.00000
        0.88659931   -0.46253829    0.00000000             0.00000
        0.00000000    0.00000000    1.00000000          -511.49388
  98   'helical symmetry operation'
       -0.76144596   -0.64822840    0.00000000             0.00000
        0.64822840   -0.76144596    0.00000000             0.00000
        0.00000000    0.00000000    1.00000000          -510.04898
  99   'helical symmetry operation'
       -0.94905575   -0.31510822    0.00000000             0.00000
        0.31510822   -0.94905575    0.00000000             0.00000
        0.00000000    0.00000000    1.00000000          -508.60408
 100   'helical symmetry operation'
       -0.99794539    0.06407022    0.00000000             0.00000
       -0.06407022   -0.99794539    0.00000000             0.00000
        0.00000000    0.00000000    1.00000000          -507.15918
 101   'helical symmetry operation'
       -0.90096887    0.43388374    0.00000000             0.00000
       -0.43388374   -0.90096887    0.00000000             0.00000
        0.00000000    0.00000000    1.00000000          -505.71429
 102   'helical symmetry operation'
       -0.67230089    0.74027800    0.00000000             0.00000
       -0.74027800   -0.67230089    0.00000000             0.00000
        0.00000000    0.00000000    1.00000000          -504.26939
 103   'helical symmetry operation'
       -0.34536505    0.93846842    0.00000000             0.00000
       -0.93846842   -0.34536505    0.00000000             0.00000
        0.00000000    0.00000000    1.00000000          -502.82449
 104   'helical symmetry operation'
        0.03205158    0.99948622    0.00000000             0.00000
       -0.99948622    0.03205158    0.00000000             0.00000
        0.00000000    0.00000000    1.00000000          -501.37959
 105   'helical symmetry operation'
        0.40478334    0.91441262    0.00000000             0.00000
       -0.91441262    0.40478334    0.00000000             0.00000
        0.00000000    0.00000000    1.00000000          -499.93469
 106   'helical symmetry operation'
        0.71834935    0.69568255    0.00000000             0.00000
       -0.69568255    0.71834935    0.00000000             0.00000
        0.00000000    0.00000000    1.00000000          -498.48980
 107   'helical symmetry operation'
        0.92691676    0.37526700    0.00000000             0.00000
       -0.37526700    0.92691676    0.00000000             0.00000
        0.00000000    0.00000000    1.00000000          -497.04490
 108   'helical symmetry operation'
        1.00000000    0.00000000    0.00000000             0.00000
        0.00000000    1.00000000    0.00000000             0.00000
        0.00000000    0.00000000    1.00000000          -495.60000
 109   'helical symmetry operation'
        0.92691676   -0.37526700    0.00000000             0.00000
        0.37526700    0.92691676    0.00000000             0.00000
        0.00000000    0.00000000    1.00000000          -494.15510
 110   'helical symmetry operation'
        0.71834935   -0.69568255    0.00000000             0.00000
        0.69568255    0.71834935    0.00000000             0.00000
        0.00000000    0.00000000    1.00000000          -492.71020
 111   'helical symmetry operation'
        0.40478334   -0.91441262    0.00000000             0.00000
        0.91441262    0.40478334    0.00000000             0.00000
        0.00000000    0.00000000    1.00000000          -491.26531
 112   'helical symmetry operation'
        0.03205158   -0.99948622    0.00000000             0.00000
        0.99948622    0.03205158    0.00000000             0.00000
        0.00000000    0.00000000    1.00000000          -489.82041
 113   'helical symmetry operation'
       -0.34536505   -0.93846842    0.00000000             0.00000
        0.93846842   -0.34536505    0.00000000             0.00000
        0.00000000    0.00000000    1.00000000          -488.37551
 114   'helical symmetry operation'
       -0.67230089   -0.74027800    0.00000000             0.00000
        0.74027800   -0.67230089    0.00000000             0.00000
        0.00000000    0.00000000    1.00000000          -486.93061
 115   'helical symmetry operation'
       -0.90096887   -0.43388374    0.00000000             0.00000
        0.43388374   -0.90096887    0.00000000             0.00000
        0.00000000    0.00000000    1.00000000          -485.48571
 116   'helical symmetry operation'
       -0.99794539   -0.06407022    0.00000000             0.00000
        0.06407022   -0.99794539    0.00000000             0.00000
        0.00000000    0.00000000    1.00000000          -484.04082
 117   'helical symmetry operation'
       -0.94905575    0.31510822    0.00000000             0.00000
       -0.31510822   -0.94905575    0.00000000             0.00000
        0.00000000    0.00000000    1.00000000          -482.59592
 118   'helical symmetry operation'
       -0.76144596    0.64822840    0.00000000             0.00000
       -0.64822840   -0.76144596    0.00000000             0.00000
        0.00000000    0.00000000    1.00000000          -481.15102
 119   'helical symmetry operation'
       -0.46253829    0.88659931    0.00000000             0.00000
       -0.88659931   -0.46253829    0.00000000             0.00000
        0.00000000    0.00000000    1.00000000          -479.70612
 120   'helical symmetry operation'
       -0.09602303    0.99537911    0.00000000             0.00000
       -0.99537911   -0.09602303    0.00000000             0.00000
        0.00000000    0.00000000    1.00000000          -478.26122
 121   'helical symmetry operation'
        0.28452759    0.95866785    0.00000000             0.00000
       -0.95866785    0.28452759    0.00000000             0.00000
        0.00000000    0.00000000    1.00000000          -476.81633
 122   'helical symmetry operation'
        0.62348980    0.78183148    0.00000000             0.00000
       -0.78183148    0.62348980    0.00000000             0.00000
        0.00000000    0.00000000    1.00000000          -475.37143
 123   'helical symmetry operation'
        0.87131870    0.49071755    0.00000000             0.00000
       -0.49071755    0.87131870    0.00000000             0.00000
        0.00000000    0.00000000    1.00000000          -473.92653
 124   'helical symmetry operation'
        0.99179001    0.12787716    0.00000000             0.00000
       -0.12787716    0.99179001    0.00000000             0.00000
        0.00000000    0.00000000    1.00000000          -472.48163
 125   'helical symmetry operation'
        0.96729486   -0.25365458    0.00000000             0.00000
        0.25365458    0.96729486    0.00000000             0.00000
        0.00000000    0.00000000    1.00000000          -471.03673
 126   'helical symmetry operation'
        0.80141362   -0.59811053    0.00000000             0.00000
        0.59811053    0.80141362    0.00000000             0.00000
        0.00000000    0.00000000    1.00000000          -469.59184
 127   'helical symmetry operation'
        0.51839257   -0.85514276    0.00000000             0.00000
        0.85514276    0.51839257    0.00000000             0.00000
        0.00000000    0.00000000    1.00000000          -468.14694
 128   'helical symmetry operation'
        0.15959990   -0.98718178    0.00000000             0.00000
        0.98718178    0.15959990    0.00000000             0.00000
        0.00000000    0.00000000    1.00000000          -466.70204
 129   'helical symmetry operation'
       -0.22252093   -0.97492791    0.00000000             0.00000
        0.97492791   -0.22252093    0.00000000             0.00000
        0.00000000    0.00000000    1.00000000          -465.25714
 130   'helical symmetry operation'
       -0.57211666   -0.82017225    0.00000000             0.00000
        0.82017225   -0.57211666    0.00000000             0.00000
        0.00000000    0.00000000    1.00000000          -463.81224
 131   'helical symmetry operation'
       -0.83808810   -0.54553490    0.00000000             0.00000
        0.54553490   -0.83808810    0.00000000             0.00000
        0.00000000    0.00000000    1.00000000          -462.36735
 132   'helical symmetry operation'
       -0.98155916   -0.19115863    0.00000000             0.00000
        0.19115863   -0.98155916    0.00000000             0.00000
        0.00000000    0.00000000    1.00000000          -460.92245
 133   'helical symmetry operation'
       -0.98155916    0.19115863    0.00000000             0.00000
       -0.19115863   -0.98155916    0.00000000             0.00000
        0.00000000    0.00000000    1.00000000          -459.47755
 134   'helical symmetry operation'
       -0.83808810    0.54553490    0.00000000             0.00000
       -0.54553490   -0.83808810    0.00000000             0.00000
        0.00000000    0.00000000    1.00000000          -458.03265
 135   'helical symmetry operation'
       -0.57211666    0.82017225    0.00000000             0.00000
       -0.82017225   -0.57211666    0.00000000             0.00000
        0.00000000    0.00000000    1.00000000          -456.58776
 136   'helical symmetry operation'
       -0.22252093    0.97492791    0.00000000             0.00000
       -0.97492791   -0.22252093    0.00000000             0.00000
        0.00000000    0.00000000    1.00000000          -455.14286
 137   'helical symmetry operation'
        0.15959990    0.98718178    0.00000000             0.00000
       -0.98718178    0.15959990    0.00000000             0.00000
        0.00000000    0.00000000    1.00000000          -453.69796
 138   'helical symmetry operation'
        0.51839257    0.85514276    0.00000000             0.00000
       -0.85514276    0.51839257    0.00000000             0.00000
        0.00000000    0.00000000    1.00000000          -452.25306
 139   'helical symmetry operation'
        0.80141362    0.59811053    0.00000000             0.00000
       -0.59811053    0.80141362    0.00000000             0.00000
        0.00000000    0.00000000    1.00000000          -450.80816
 140   'helical symmetry operation'
        0.96729486    0.25365458    0.00000000             0.00000
       -0.25365458    0.96729486    0.00000000             0.00000
        0.00000000    0.00000000    1.00000000          -449.36327
 141   'helical symmetry operation'
        0.99179001   -0.12787716    0.00000000             0.00000
        0.12787716    0.99179001    0.00000000             0.00000
        0.00000000    0.00000000    1.00000000          -447.91837
 142   'helical symmetry operation'
        0.87131870   -0.49071755    0.00000000             0.00000
        0.49071755    0.87131870    0.00000000             0.00000
        0.00000000    0.00000000    1.00000000          -446.47347
 143   'helical symmetry operation'
        0.62348980   -0.78183148    0.00000000             0.00000
        0.78183148    0.62348980    0.00000000             0.00000
        0.00000000    0.00000000    1.00000000          -445.02857
 144   'helical symmetry operation'
        0.28452759   -0.95866785    0.00000000             0.00000
        0.95866785    0.28452759    0.00000000             0.00000
        0.00000000    0.00000000    1.00000000          -443.58367
 145   'helical symmetry operation'
       -0.09602303   -0.99537911    0.00000000             0.00000
        0.99537911   -0.09602303    0.00000000             0.00000
        0.00000000    0.00000000    1.00000000          -442.13878
 146   'helical symmetry operation'
       -0.46253829   -0.88659931    0.00000000             0.00000
        0.88659931   -0.46253829    0.00000000             0.00000
        0.00000000    0.00000000    1.00000000          -440.69388
 147   'helical symmetry operation'
       -0.76144596   -0.64822840    0.00000000             0.00000
        0.64822840   -0.76144596    0.00000000             0.00000
        0.00000000    0.00000000    1.00000000          -439.24898
 148   'helical symmetry operation'
       -0.94905575   -0.31510822    0.00000000             0.00000
        0.31510822   -0.94905575    0.00000000             0.00000
        0.00000000    0.00000000    1.00000000          -437.80408
 149   'helical symmetry operation'
       -0.99794539    0.06407022    0.00000000             0.00000
       -0.06407022   -0.99794539    0.00000000             0.00000
        0.00000000    0.00000000    1.00000000          -436.35918
 150   'helical symmetry operation'
       -0.90096887    0.43388374    0.00000000             0.00000
       -0.43388374   -0.90096887    0.00000000             0.00000
        0.00000000    0.00000000    1.00000000          -434.91429
 151   'helical symmetry operation'
       -0.67230089    0.74027800    0.00000000             0.00000
       -0.74027800   -0.67230089    0.00000000             0.00000
        0.00000000    0.00000000    1.00000000          -433.46939
 152   'helical symmetry operation'
       -0.34536505    0.93846842    0.00000000             0.00000
       -0.93846842   -0.34536505    0.00000000             0.00000
        0.00000000    0.00000000    1.00000000          -432.02449
 153   'helical symmetry operation'
        0.03205158    0.99948622    0.00000000             0.00000
       -0.99948622    0.03205158    0.00000000             0.00000
        0.00000000    0.00000000    1.00000000          -430.57959
 154   'helical symmetry operation'
        0.40478334    0.91441262    0.00000000             0.00000
       -0.91441262    0.40478334    0.00000000             0.00000
        0.00000000    0.00000000    1.00000000          -429.13469
 155   'helical symmetry operation'
        0.71834935    0.69568255    0.00000000             0.00000
       -0.69568255    0.71834935    0.00000000             0.00000
        0.00000000    0.00000000    1.00000000          -427.68980
 156   'helical symmetry operation'
        0.92691676    0.37526700    0.00000000             0.00000
       -0.37526700    0.92691676    0.00000000             0.00000
        0.00000000    0.00000000    1.00000000          -426.24490
 157   'helical symmetry operation'
        1.00000000    0.00000000    0.00000000             0.00000
        0.00000000    1.00000000    0.00000000             0.00000
        0.00000000    0.00000000    1.00000000          -424.80000
 158   'helical symmetry operation'
        0.92691676   -0.37526700    0.00000000             0.00000
        0.37526700    0.92691676    0.00000000             0.00000
        0.00000000    0.00000000    1.00000000          -423.35510
 159   'helical symmetry operation'
        0.71834935   -0.69568255    0.00000000             0.00000
        0.69568255    0.71834935    0.00000000             0.00000
        0.00000000    0.00000000    1.00000000          -421.91020
 160   'helical symmetry operation'
        0.40478334   -0.91441262    0.00000000             0.00000
        0.91441262    0.40478334    0.00000000             0.00000
        0.00000000    0.00000000    1.00000000          -420.46531
 161   'helical symmetry operation'
        0.03205158   -0.99948622    0.00000000             0.00000
        0.99948622    0.03205158    0.00000000             0.00000
        0.00000000    0.00000000    1.00000000          -419.02041
 162   'helical symmetry operation'
       -0.34536505   -0.93846842    0.00000000             0.00000
        0.93846842   -0.34536505    0.00000000             0.00000
        0.00000000    0.00000000    1.00000000          -417.57551
 163   'helical symmetry operation'
       -0.67230089   -0.74027800    0.00000000             0.00000
        0.74027800   -0.67230089    0.00000000             0.00000
        0.00000000    0.00000000    1.00000000          -416.13061
 164   'helical symmetry operation'
       -0.90096887   -0.43388374    0.00000000             0.00000
        0.43388374   -0.90096887    0.00000000             0.00000
        0.00000000    0.00000000    1.00000000          -414.68571
