REMARK 350 MOLECULE CAN BE GENERATED BY APPLYING BIOMT TRANSFORMATIONS          
REMARK 350   BIOMT1   1  1.000000  0.000000  0.000000        0.00000            
REMARK 350   BIOMT2   1  0.000000  1.000000  0.000000        0.00000            
REMARK 350   BIOMT3   1  0.000000  0.000000  1.000000        0.00000            
REMARK 350   BIOMT1   2  0.932495 -0.001246 -0.361180      -20.21027            
REMARK 350   BIOMT2   2 -0.001246  0.999977 -0.006669       -0.37318            
REMARK 350   BIOMT3   2  0.361180  0.006669  0.932472       -3.77860            
REMARK 350   BIOMT1   3  0.739098 -0.004818 -0.673581      -37.69102            
REMARK 350   BIOMT2   3 -0.004818  0.999911 -0.012438       -0.69597            
REMARK 350   BIOMT3   3  0.673581  0.012438  0.739009      -14.60407            
REMARK 350   BIOMT1   4  0.445927 -0.010231 -0.895011      -50.08140            
REMARK 350   BIOMT2   4 -0.010231  0.999811 -0.016526       -0.92475            
REMARK 350   BIOMT3   4  0.895011  0.016526  0.445738      -31.01438            
REMARK 350   BIOMT1   5  0.092578 -0.016756 -0.995564      -55.70800            
REMARK 350   BIOMT2   5 -0.016756  0.999691 -0.018383       -1.02865            
REMARK 350   BIOMT3   5  0.995564  0.018383  0.092268      -50.79321            
REMARK 350   BIOMT1   6 -0.273229 -0.023510 -0.961662      -53.81094            
REMARK 350   BIOMT2   6 -0.023510  0.999566 -0.017757       -0.99362            
REMARK 350   BIOMT3   6  0.961662  0.017757 -0.273663      -71.26934            
REMARK 350   BIOMT1   7 -0.602088 -0.029583 -0.797881      -44.64640            
REMARK 350   BIOMT2   7 -0.029583  0.999454 -0.014733       -0.82440            
REMARK 350   BIOMT3   7  0.797881  0.014733 -0.602635      -89.67734            
REMARK 350   BIOMT1   8 -0.849587 -0.034153 -0.526342      -29.45212            
REMARK 350   BIOMT2   8 -0.034153  0.999369 -0.009719       -0.54383            
REMARK 350   BIOMT3   8  0.526342  0.009719 -0.850217     -103.53112            
REMARK 350   BIOMT1   9 -0.982297 -0.036603 -0.183718      -10.28017            
REMARK 350   BIOMT2   9 -0.036603  0.999324 -0.003392       -0.18982            
REMARK 350   BIOMT3   9  0.183718  0.003392 -0.982973     -110.95964            
REMARK 350   BIOMT1  10 -0.982297 -0.036603  0.183718       10.28017            
REMARK 350   BIOMT2  10 -0.036603  0.999324  0.003392        0.18982            
REMARK 350   BIOMT3  10 -0.183718 -0.003392 -0.982973     -110.95964            
REMARK 350   BIOMT1  11 -0.849587 -0.034153  0.526342       29.45212            
REMARK 350   BIOMT2  11 -0.034153  0.999369  0.009719        0.54383            
REMARK 350   BIOMT3  11 -0.526342 -0.009719 -0.850217     -103.53112            
REMARK 350   BIOMT1  12 -0.602088 -0.029583  0.797881       44.64640            
REMARK 350   BIOMT2  12 -0.029583  0.999454  0.014733        0.82440            
REMARK 350   BIOMT3  12 -0.797881 -0.014733 -0.602635      -89.67734            
REMARK 350   BIOMT1  13 -0.273229 -0.023510  0.961662       53.81094            
REMARK 350   BIOMT2  13 -0.023510  0.999566  0.017757        0.99362            
REMARK 350   BIOMT3  13 -0.961662 -0.017757 -0.273663      -71.26934            
REMARK 350   BIOMT1  14  0.092578 -0.016756  0.995564       55.70800            
REMARK 350   BIOMT2  14 -0.016756  0.999691  0.018383        1.02865            
REMARK 350   BIOMT3  14 -0.995564 -0.018383  0.092268      -50.79321            
REMARK 350   BIOMT1  15  0.445927 -0.010231  0.895011       50.08140            
REMARK 350   BIOMT2  15 -0.010231  0.999811  0.016526        0.92475            
REMARK 350   BIOMT3  15 -0.895011 -0.016526  0.445738      -31.01438            
REMARK 350   BIOMT1  16  0.739098 -0.004818  0.673581       37.69102            
REMARK 350   BIOMT2  16 -0.004818  0.999911  0.012438        0.69597            
REMARK 350   BIOMT3  16 -0.673581 -0.012438  0.739009      -14.60407            
REMARK 350   BIOMT1  17  0.932495 -0.001246  0.361180       20.21027            
REMARK 350   BIOMT2  17 -0.001246  0.999977  0.006669        0.37318            
REMARK 350   BIOMT3  17 -0.361180 -0.006669  0.932472       -3.77860            
REMARK 350   BIOMT1  18 -1.000000  0.000000  0.000000        0.00000            
REMARK 350   BIOMT2  18  0.000000 -1.000000  0.000000        0.00000            
REMARK 350   BIOMT3  18  0.000000  0.000000  1.000000        0.00000            
REMARK 350   BIOMT1  19 -0.932495  0.001246  0.361180       20.21027            
REMARK 350   BIOMT2  19  0.001246 -0.999977  0.006669        0.37318            
REMARK 350   BIOMT3  19  0.361180  0.006669  0.932472       -3.77860            
REMARK 350   BIOMT1  20 -0.739098  0.004818  0.673581       37.69102            
REMARK 350   BIOMT2  20  0.004818 -0.999911  0.012438        0.69597            
REMARK 350   BIOMT3  20  0.673581  0.012438  0.739009      -14.60407            
REMARK 350   BIOMT1  21 -0.445927  0.010231  0.895011       50.08140            
REMARK 350   BIOMT2  21  0.010231 -0.999811  0.016526        0.92475            
REMARK 350   BIOMT3  21  0.895011  0.016526  0.445738      -31.01438            
REMARK 350   BIOMT1  22 -0.092578  0.016756  0.995564       55.70800            
REMARK 350   BIOMT2  22  0.016756 -0.999691  0.018383        1.02865            
REMARK 350   BIOMT3  22  0.995564  0.018383  0.092268      -50.79321            
REMARK 350   BIOMT1  23  0.273229  0.023510  0.961662       53.81094            
REMARK 350   BIOMT2  23  0.023510 -0.999566  0.017757        0.99362            
REMARK 350   BIOMT3  23  0.961662  0.017757 -0.273663      -71.26934            
REMARK 350   BIOMT1  24  0.602088  0.029583  0.797881       44.64640            
REMARK 350   BIOMT2  24  0.029583 -0.999454  0.014733        0.82440            
REMARK 350   BIOMT3  24  0.797881  0.014733 -0.602635      -89.67734            
REMARK 350   BIOMT1  25  0.849587  0.034153  0.526342       29.45212            
REMARK 350   BIOMT2  25  0.034153 -0.999369  0.009719        0.54383            
REMARK 350   BIOMT3  25  0.526342  0.009719 -0.850217     -103.53112            
REMARK 350   BIOMT1  26  0.982297  0.036603  0.183718       10.28017            
REMARK 350   BIOMT2  26  0.036603 -0.999324  0.003392        0.18982            
REMARK 350   BIOMT3  26  0.183718  0.003392 -0.982973     -110.95964            
REMARK 350   BIOMT1  27  0.982297  0.036603 -0.183718      -10.28017            
REMARK 350   BIOMT2  27  0.036603 -0.999324 -0.003392       -0.18982            
REMARK 350   BIOMT3  27 -0.183718 -0.003392 -0.982973     -110.95964            
REMARK 350   BIOMT1  28  0.849587  0.034153 -0.526342      -29.45212            
REMARK 350   BIOMT2  28  0.034153 -0.999369 -0.009719       -0.54383            
REMARK 350   BIOMT3  28 -0.526342 -0.009719 -0.850217     -103.53112            
REMARK 350   BIOMT1  29  0.602088  0.029583 -0.797881      -44.64640            
REMARK 350   BIOMT2  29  0.029583 -0.999454 -0.014733       -0.82440            
REMARK 350   BIOMT3  29 -0.797881 -0.014733 -0.602635      -89.67734            
REMARK 350   BIOMT1  30  0.273229  0.023510 -0.961662      -53.81094            
REMARK 350   BIOMT2  30  0.023510 -0.999566 -0.017757       -0.99362            
REMARK 350   BIOMT3  30 -0.961662 -0.017757 -0.273663      -71.26934            
REMARK 350   BIOMT1  31 -0.092578  0.016756 -0.995564      -55.70800            
REMARK 350   BIOMT2  31  0.016756 -0.999691 -0.018383       -1.02865            
REMARK 350   BIOMT3  31 -0.995564 -0.018383  0.092268      -50.79321            
REMARK 350   BIOMT1  32 -0.445927  0.010231 -0.895011      -50.08140            
REMARK 350   BIOMT2  32  0.010231 -0.999811 -0.016526       -0.92475            
REMARK 350   BIOMT3  32 -0.895011 -0.016526  0.445738      -31.01438            
REMARK 350   BIOMT1  33 -0.739098  0.004818 -0.673581      -37.69102            
REMARK 350   BIOMT2  33  0.004818 -0.999911 -0.012438       -0.69597            
REMARK 350   BIOMT3  33 -0.673581 -0.012438  0.739009      -14.60407            
REMARK 350   BIOMT1  34 -0.932495  0.001246 -0.361180      -20.21027            
REMARK 350   BIOMT2  34  0.001246 -0.999977 -0.006669       -0.37318            
REMARK 350   BIOMT3  34 -0.361180 -0.006669  0.932472       -3.77860            
