## ncs operations to be applied to coordinates in the crystal frame
loop_
_struct_ncs_oper.id
_struct_ncs_oper.code 
_struct_ncs_oper.details 
_struct_ncs_oper.matrix[1][1]
_struct_ncs_oper.matrix[1][2]
_struct_ncs_oper.matrix[1][3]
_struct_ncs_oper.vector[1]
_struct_ncs_oper.matrix[2][1]
_struct_ncs_oper.matrix[2][2]
_struct_ncs_oper.matrix[2][3] 
_struct_ncs_oper.vector[2]
_struct_ncs_oper.matrix[3][1]
_struct_ncs_oper.matrix[3][2] 
_struct_ncs_oper.matrix[3][3]
_struct_ncs_oper.vector[3]
   1    given ?
        1.00000000    0.00000000    0.00000000             0.00000
        0.00000000    1.00000000    0.00000000             0.00000
        0.00000000    0.00000000    1.00000000             0.00000
   2 generate ?
        0.93249525   -0.00124648   -0.36118010           -20.21027
       -0.00124648    0.99997698   -0.00666920            -0.37318
        0.36118010    0.00666920    0.93247223            -3.77860
   3 generate ?
        0.73909787   -0.00481757   -0.67358083           -37.69102
       -0.00481757    0.99991104   -0.01243769            -0.69597
        0.67358082    0.01243769    0.73900892           -14.60407
   4 generate ?
        0.44592727   -0.01023097   -0.89501073           -50.08140
       -0.01023097    0.99981108   -0.01652641            -0.92475
        0.89501072    0.01652641    0.44573836           -31.01438
   5 generate ?
        0.09257775   -0.01675559   -0.99556447           -55.70800
       -0.01675559    0.99969061   -0.01838314            -1.02865
        0.99556446    0.01838313    0.09226836           -50.79321
   6 generate ?
       -0.27322887   -0.02351022   -0.96166172           -53.81094
       -0.02351022    0.99956588   -0.01775712            -0.99362
        0.96166171    0.01775712   -0.27366299           -71.26934
   7 generate ?
       -0.60208839   -0.02958262   -0.79788122           -44.64640
       -0.02958262    0.99945376   -0.01473291            -0.82440
        0.79788121    0.01473291   -0.60263464           -89.67734
   8 generate ?
       -0.84958651   -0.03415268   -0.52634244           -29.45212
       -0.03415268    0.99936937   -0.00971893            -0.54383
        0.52634244    0.00971893   -0.85021714          -103.53112
   9 generate ?
       -0.98229722   -0.03660319   -0.18371820           -10.28017
       -0.03660319    0.99932412   -0.00339236            -0.18982
        0.18371820    0.00339236   -0.98297310          -110.95964
  10 generate ?
       -0.98229722   -0.03660319    0.18371820            10.28017
       -0.03660319    0.99932412    0.00339236             0.18982
       -0.18371820   -0.00339236   -0.98297310          -110.95964
  11 generate ?
       -0.84958651   -0.03415268    0.52634244            29.45212
       -0.03415268    0.99936937    0.00971893             0.54383
       -0.52634244   -0.00971893   -0.85021714          -103.53112
  12 generate ?
       -0.60208839   -0.02958262    0.79788122            44.64640
       -0.02958262    0.99945376    0.01473291             0.82440
       -0.79788121   -0.01473291   -0.60263464           -89.67734
  13 generate ?
       -0.27322887   -0.02351022    0.96166172            53.81094
       -0.02351022    0.99956588    0.01775712             0.99362
       -0.96166171   -0.01775712   -0.27366299           -71.26934
  14 generate ?
        0.09257775   -0.01675559    0.99556447            55.70800
       -0.01675559    0.99969061    0.01838314             1.02865
       -0.99556446   -0.01838313    0.09226836           -50.79321
  15 generate ?
        0.44592727   -0.01023097    0.89501073            50.08140
       -0.01023097    0.99981108    0.01652641             0.92475
       -0.89501072   -0.01652641    0.44573836           -31.01438
  16 generate ?
        0.73909787   -0.00481757    0.67358083            37.69102
       -0.00481757    0.99991104    0.01243769             0.69597
       -0.67358082   -0.01243769    0.73900892           -14.60407
  17 generate ?
        0.93249525   -0.00124648    0.36118010            20.21027
       -0.00124648    0.99997698    0.00666920             0.37318
       -0.36118010   -0.00666920    0.93247223            -3.77860
