loop_
_pdbx_struct_msym_gen.msym_id 
_pdbx_struct_msym_gen.oper_expression 
_pdbx_struct_msym_gen.entity_inst_id 
A P A 
B P B 
# 
loop_
_pdbx_struct_legacy_oper_list.id 
_pdbx_struct_legacy_oper_list.name 
_pdbx_struct_legacy_oper_list.matrix[1][1] 
_pdbx_struct_legacy_oper_list.matrix[1][2] 
_pdbx_struct_legacy_oper_list.matrix[1][3] 
_pdbx_struct_legacy_oper_list.vector[1] 
_pdbx_struct_legacy_oper_list.matrix[2][1] 
_pdbx_struct_legacy_oper_list.matrix[2][2] 
_pdbx_struct_legacy_oper_list.matrix[2][3] 
_pdbx_struct_legacy_oper_list.vector[2] 
_pdbx_struct_legacy_oper_list.matrix[3][1] 
_pdbx_struct_legacy_oper_list.matrix[3][2] 
_pdbx_struct_legacy_oper_list.matrix[3][3] 
_pdbx_struct_legacy_oper_list.vector[3] 
1  'point symmetry operation' 1.00000000  0.00000000  0.00000000  0.00000   0.00000000  1.00000000  0.00000000  0.00000  0.00000000  0.00000000  1.00000000  
0.00000    
2  'point symmetry operation' 0.93249525  -0.00124648 -0.36118010 -20.21027 -0.00124648 0.99997698  -0.00666920 -0.37318 0.36118010  0.00666920  0.93247223  
-3.77860   
3  'point symmetry operation' 0.73909787  -0.00481757 -0.67358083 -37.69102 -0.00481757 0.99991104  -0.01243769 -0.69597 0.67358082  0.01243769  0.73900892  
-14.60407  
4  'point symmetry operation' 0.44592727  -0.01023097 -0.89501073 -50.08140 -0.01023097 0.99981108  -0.01652641 -0.92475 0.89501072  0.01652641  0.44573836  
-31.01438  
5  'point symmetry operation' 0.09257775  -0.01675559 -0.99556447 -55.70800 -0.01675559 0.99969061  -0.01838314 -1.02865 0.99556446  0.01838313  0.09226836  
-50.79321  
6  'point symmetry operation' -0.27322887 -0.02351022 -0.96166172 -53.81094 -0.02351022 0.99956588  -0.01775712 -0.99362 0.96166171  0.01775712  -0.27366299 
-71.26934  
7  'point symmetry operation' -0.60208839 -0.02958262 -0.79788122 -44.64640 -0.02958262 0.99945376  -0.01473291 -0.82440 0.79788121  0.01473291  -0.60263464 
-89.67734  
8  'point symmetry operation' -0.84958651 -0.03415268 -0.52634244 -29.45212 -0.03415268 0.99936937  -0.00971893 -0.54383 0.52634244  0.00971893  -0.85021714 
-103.53112 
9  'point symmetry operation' -0.98229722 -0.03660319 -0.18371820 -10.28017 -0.03660319 0.99932412  -0.00339236 -0.18982 0.18371820  0.00339236  -0.98297310 
-110.95964 
10 'point symmetry operation' -0.98229722 -0.03660319 0.18371820  10.28017  -0.03660319 0.99932412  0.00339236  0.18982  -0.18371820 -0.00339236 -0.98297310 
-110.95964 
11 'point symmetry operation' -0.84958651 -0.03415268 0.52634244  29.45212  -0.03415268 0.99936937  0.00971893  0.54383  -0.52634244 -0.00971893 -0.85021714 
-103.53112 
12 'point symmetry operation' -0.60208839 -0.02958262 0.79788122  44.64640  -0.02958262 0.99945376  0.01473291  0.82440  -0.79788121 -0.01473291 -0.60263464 
-89.67734  
13 'point symmetry operation' -0.27322887 -0.02351022 0.96166172  53.81094  -0.02351022 0.99956588  0.01775712  0.99362  -0.96166171 -0.01775712 -0.27366299 
-71.26934  
14 'point symmetry operation' 0.09257775  -0.01675559 0.99556447  55.70800  -0.01675559 0.99969061  0.01838314  1.02865  -0.99556446 -0.01838313 0.09226836  
-50.79321  
15 'point symmetry operation' 0.44592727  -0.01023097 0.89501073  50.08140  -0.01023097 0.99981108  0.01652641  0.92475  -0.89501072 -0.01652641 0.44573836  
-31.01438  
16 'point symmetry operation' 0.73909787  -0.00481757 0.67358083  37.69102  -0.00481757 0.99991104  0.01243769  0.69597  -0.67358082 -0.01243769 0.73900892  
-14.60407  
17 'point symmetry operation' 0.93249525  -0.00124648 0.36118010  20.21027  -0.00124648 0.99997698  0.00666920  0.37318  -0.36118010 -0.00666920 0.93247223  
-3.77860   
18 'point symmetry operation' -1.00000000 0.00000000  0.00000000  0.00000   0.00000000  -1.00000000 0.00000000  0.00000  0.00000000  0.00000000  1.00000000  
0.00000    
19 'point symmetry operation' -0.93249525 0.00124648  0.36118010  20.21027  0.00124648  -0.99997698 0.00666920  0.37318  0.36118010  0.00666920  0.93247223  
-3.77860   
20 'point symmetry operation' -0.73909787 0.00481757  0.67358083  37.69102  0.00481757  -0.99991104 0.01243769  0.69597  0.67358082  0.01243769  0.73900892  
-14.60407  
21 'point symmetry operation' -0.44592727 0.01023097  0.89501073  50.08140  0.01023097  -0.99981108 0.01652641  0.92475  0.89501072  0.01652641  0.44573836  
-31.01438  
22 'point symmetry operation' -0.09257775 0.01675559  0.99556447  55.70800  0.01675559  -0.99969061 0.01838314  1.02865  0.99556446  0.01838313  0.09226836  
-50.79321  
23 'point symmetry operation' 0.27322887  0.02351022  0.96166172  53.81094  0.02351022  -0.99956588 0.01775712  0.99362  0.96166171  0.01775712  -0.27366299 
-71.26934  
24 'point symmetry operation' 0.60208839  0.02958262  0.79788122  44.64640  0.02958262  -0.99945376 0.01473291  0.82440  0.79788121  0.01473291  -0.60263464 
-89.67734  
25 'point symmetry operation' 0.84958651  0.03415268  0.52634244  29.45212  0.03415268  -0.99936937 0.00971893  0.54383  0.52634244  0.00971893  -0.85021714 
-103.53112 
26 'point symmetry operation' 0.98229722  0.03660319  0.18371820  10.28017  0.03660319  -0.99932412 0.00339236  0.18982  0.18371820  0.00339236  -0.98297310 
-110.95964 
27 'point symmetry operation' 0.98229722  0.03660319  -0.18371820 -10.28017 0.03660319  -0.99932412 -0.00339236 -0.18982 -0.18371820 -0.00339236 -0.98297310 
-110.95964 
28 'point symmetry operation' 0.84958651  0.03415268  -0.52634244 -29.45212 0.03415268  -0.99936937 -0.00971893 -0.54383 -0.52634244 -0.00971893 -0.85021714 
-103.53112 
29 'point symmetry operation' 0.60208839  0.02958262  -0.79788122 -44.64640 0.02958262  -0.99945376 -0.01473291 -0.82440 -0.79788121 -0.01473291 -0.60263464 
-89.67734  
30 'point symmetry operation' 0.27322887  0.02351022  -0.96166172 -53.81094 0.02351022  -0.99956588 -0.01775712 -0.99362 -0.96166171 -0.01775712 -0.27366299 
-71.26934  
31 'point symmetry operation' -0.09257775 0.01675559  -0.99556447 -55.70800 0.01675559  -0.99969061 -0.01838314 -1.02865 -0.99556446 -0.01838313 0.09226836  
-50.79321  
32 'point symmetry operation' -0.44592727 0.01023097  -0.89501073 -50.08140 0.01023097  -0.99981108 -0.01652641 -0.92475 -0.89501072 -0.01652641 0.44573836  
-31.01438  
33 'point symmetry operation' -0.73909787 0.00481757  -0.67358083 -37.69102 0.00481757  -0.99991104 -0.01243769 -0.69597 -0.67358082 -0.01243769 0.73900892  
-14.60407  
34 'point symmetry operation' -0.93249525 0.00124648  -0.36118010 -20.21027 0.00124648  -0.99997698 -0.00666920 -0.37318 -0.36118010 -0.00666920 0.93247223  
-3.77860   
# 
loop_
_software.name 
_software.classification 
_software.version 
_software.citation_id 
X-PLOR 'model building' .     . 
X-PLOR refinement       3.843 . 
# 
loop_
_pdbx_nonpoly_scheme.asym_id 
_pdbx_nonpoly_scheme.entity_id 
_pdbx_nonpoly_scheme.mon_id 
_pdbx_nonpoly_scheme.ndb_seq_num 
_pdbx_nonpoly_scheme.pdb_seq_num 
_pdbx_nonpoly_scheme.auth_seq_num 
_pdbx_nonpoly_scheme.pdb_mon_id 
_pdbx_nonpoly_scheme.auth_mon_id 
_pdbx_nonpoly_scheme.pdb_strand_id 
_pdbx_nonpoly_scheme.pdb_ins_code 
C 2 HOH 1   400 400 HOH HOH ? . 
C 2 HOH 2   401 401 HOH HOH ? . 
C 2 HOH 3   402 402 HOH HOH ? . 
C 2 HOH 4   403 403 HOH HOH ? . 
C 2 HOH 5   404 404 HOH HOH ? . 
C 2 HOH 6   405 405 HOH HOH ? . 
C 2 HOH 7   406 406 HOH HOH ? . 
C 2 HOH 8   407 407 HOH HOH ? . 
C 2 HOH 9   408 408 HOH HOH ? . 
C 2 HOH 10  409 409 HOH HOH ? . 
C 2 HOH 11  410 410 HOH HOH ? . 
C 2 HOH 12  411 411 HOH HOH ? . 
C 2 HOH 13  412 412 HOH HOH ? . 
C 2 HOH 14  413 413 HOH HOH ? . 
C 2 HOH 15  414 414 HOH HOH ? . 
C 2 HOH 16  415 415 HOH HOH ? . 
C 2 HOH 17  416 416 HOH HOH ? . 
C 2 HOH 18  417 417 HOH HOH ? . 
C 2 HOH 19  418 418 HOH HOH ? . 
C 2 HOH 20  419 419 HOH HOH ? . 
C 2 HOH 21  420 420 HOH HOH ? . 
C 2 HOH 22  421 421 HOH HOH ? . 
C 2 HOH 23  422 422 HOH HOH ? . 
C 2 HOH 24  423 423 HOH HOH ? . 
C 2 HOH 25  424 424 HOH HOH ? . 
C 2 HOH 26  425 425 HOH HOH ? . 
C 2 HOH 27  426 426 HOH HOH ? . 
C 2 HOH 28  427 427 HOH HOH ? . 
C 2 HOH 29  428 428 HOH HOH ? . 
C 2 HOH 30  429 429 HOH HOH ? . 
C 2 HOH 31  430 430 HOH HOH ? . 
C 2 HOH 32  431 431 HOH HOH ? . 
C 2 HOH 33  432 432 HOH HOH ? . 
C 2 HOH 34  433 433 HOH HOH ? . 
C 2 HOH 35  434 434 HOH HOH ? . 
C 2 HOH 36  435 435 HOH HOH ? . 
C 2 HOH 37  436 436 HOH HOH ? . 
C 2 HOH 38  437 437 HOH HOH ? . 
C 2 HOH 39  438 438 HOH HOH ? . 
C 2 HOH 40  439 439 HOH HOH ? . 
C 2 HOH 41  440 440 HOH HOH ? . 
C 2 HOH 42  441 441 HOH HOH ? . 
C 2 HOH 43  442 442 HOH HOH ? . 
C 2 HOH 44  443 443 HOH HOH ? . 
C 2 HOH 45  444 444 HOH HOH ? . 
C 2 HOH 46  445 445 HOH HOH ? . 
C 2 HOH 47  446 446 HOH HOH ? . 
C 2 HOH 48  447 447 HOH HOH ? . 
C 2 HOH 49  448 448 HOH HOH ? . 
C 2 HOH 50  449 449 HOH HOH ? . 
C 2 HOH 51  450 450 HOH HOH ? . 
C 2 HOH 52  451 451 HOH HOH ? . 
C 2 HOH 53  452 452 HOH HOH ? . 
C 2 HOH 54  453 453 HOH HOH ? . 
C 2 HOH 55  454 454 HOH HOH ? . 
C 2 HOH 56  455 455 HOH HOH ? . 
C 2 HOH 57  456 456 HOH HOH ? . 
C 2 HOH 58  457 457 HOH HOH ? . 
C 2 HOH 59  458 458 HOH HOH ? . 
C 2 HOH 60  459 459 HOH HOH ? . 
C 2 HOH 61  460 460 HOH HOH ? . 
C 2 HOH 62  461 461 HOH HOH ? . 
C 2 HOH 63  462 462 HOH HOH ? . 
C 2 HOH 64  463 463 HOH HOH ? . 
C 2 HOH 65  464 464 HOH HOH ? . 
C 2 HOH 66  465 465 HOH HOH ? . 
C 2 HOH 67  466 466 HOH HOH ? . 
C 2 HOH 68  467 467 HOH HOH ? . 
C 2 HOH 69  468 468 HOH HOH ? . 
C 2 HOH 70  469 469 HOH HOH ? . 
C 2 HOH 71  470 470 HOH HOH ? . 
C 2 HOH 72  471 471 HOH HOH ? . 
C 2 HOH 73  472 472 HOH HOH ? . 
C 2 HOH 74  473 473 HOH HOH ? . 
C 2 HOH 75  474 474 HOH HOH ? . 
C 2 HOH 76  475 475 HOH HOH ? . 
C 2 HOH 77  476 476 HOH HOH ? . 
C 2 HOH 78  477 477 HOH HOH ? . 
C 2 HOH 79  478 478 HOH HOH ? . 
C 2 HOH 80  479 479 HOH HOH ? . 
C 2 HOH 81  480 480 HOH HOH ? . 
C 2 HOH 82  481 481 HOH HOH ? . 
C 2 HOH 83  482 482 HOH HOH ? . 
C 2 HOH 84  483 483 HOH HOH ? . 
C 2 HOH 85  484 484 HOH HOH ? . 
C 2 HOH 86  485 485 HOH HOH ? . 
C 2 HOH 87  486 486 HOH HOH ? . 
C 2 HOH 88  487 487 HOH HOH ? . 
C 2 HOH 89  488 488 HOH HOH ? . 
C 2 HOH 90  489 489 HOH HOH ? . 
C 2 HOH 91  490 490 HOH HOH ? . 
C 2 HOH 92  491 491 HOH HOH ? . 
C 2 HOH 93  492 492 HOH HOH ? . 
C 2 HOH 94  493 493 HOH HOH ? . 
C 2 HOH 95  494 494 HOH HOH ? . 
C 2 HOH 96  495 495 HOH HOH ? . 
C 2 HOH 97  496 496 HOH HOH ? . 
C 2 HOH 98  497 497 HOH HOH ? . 
C 2 HOH 99  498 498 HOH HOH ? . 
C 2 HOH 100 499 499 HOH HOH ? . 
C 2 HOH 101 500 500 HOH HOH ? . 
C 2 HOH 102 501 501 HOH HOH ? . 
C 2 HOH 103 502 502 HOH HOH ? . 
C 2 HOH 104 503 503 HOH HOH ? . 
C 2 HOH 105 504 504 HOH HOH ? . 
C 2 HOH 106 505 505 HOH HOH ? . 
C 2 HOH 107 506 506 HOH HOH ? . 
C 2 HOH 108 507 507 HOH HOH ? . 
C 2 HOH 109 508 508 HOH HOH ? . 
C 2 HOH 110 509 509 HOH HOH ? . 
C 2 HOH 111 510 510 HOH HOH ? . 
C 2 HOH 112 511 511 HOH HOH ? . 
C 2 HOH 113 512 512 HOH HOH ? . 
C 2 HOH 114 513 513 HOH HOH ? . 
C 2 HOH 115 514 514 HOH HOH ? . 
C 2 HOH 116 515 515 HOH HOH ? . 
C 2 HOH 117 516 516 HOH HOH ? . 
C 2 HOH 118 517 517 HOH HOH ? . 
C 2 HOH 119 518 518 HOH HOH ? . 
C 2 HOH 120 520 520 HOH HOH ? . 
C 2 HOH 121 521 521 HOH HOH ? . 
C 2 HOH 122 522 522 HOH HOH ? . 
C 2 HOH 123 523 523 HOH HOH ? . 
C 2 HOH 124 524 524 HOH HOH ? . 
C 2 HOH 125 525 525 HOH HOH ? . 
C 2 HOH 126 526 526 HOH HOH ? . 
C 2 HOH 127 527 527 HOH HOH ? . 
C 2 HOH 128 528 528 HOH HOH ? . 
C 2 HOH 129 529 529 HOH HOH ? . 
C 2 HOH 130 530 530 HOH HOH ? . 
C 2 HOH 131 531 531 HOH HOH ? . 
C 2 HOH 132 532 532 HOH HOH ? . 
C 2 HOH 133 533 533 HOH HOH ? . 
C 2 HOH 134 534 534 HOH HOH ? . 
C 2 HOH 135 535 535 HOH HOH ? . 
C 2 HOH 136 536 536 HOH HOH ? . 
C 2 HOH 137 537 537 HOH HOH ? . 
C 2 HOH 138 538 538 HOH HOH ? . 
C 2 HOH 139 539 539 HOH HOH ? . 
C 2 HOH 140 540 540 HOH HOH ? . 
C 2 HOH 141 541 541 HOH HOH ? . 
C 2 HOH 142 542 542 HOH HOH ? . 
C 2 HOH 143 543 543 HOH HOH ? . 
C 2 HOH 144 544 544 HOH HOH ? . 
C 2 HOH 145 545 545 HOH HOH ? . 
C 2 HOH 146 546 546 HOH HOH ? . 
C 2 HOH 147 548 548 HOH HOH ? . 
C 2 HOH 148 549 549 HOH HOH ? . 
C 2 HOH 149 550 550 HOH HOH ? . 
C 2 HOH 150 551 551 HOH HOH ? . 
C 2 HOH 151 552 552 HOH HOH ? . 
C 2 HOH 152 553 553 HOH HOH ? . 
C 2 HOH 153 554 554 HOH HOH ? . 
C 2 HOH 154 555 555 HOH HOH ? . 
C 2 HOH 155 556 556 HOH HOH ? . 
C 2 HOH 156 557 557 HOH HOH ? . 
C 2 HOH 157 558 558 HOH HOH ? . 
C 2 HOH 158 559 559 HOH HOH ? . 
C 2 HOH 159 560 560 HOH HOH ? . 
C 2 HOH 160 561 561 HOH HOH ? . 
C 2 HOH 161 562 562 HOH HOH ? . 
C 2 HOH 162 563 563 HOH HOH ? . 
C 2 HOH 163 564 564 HOH HOH ? . 
C 2 HOH 164 565 565 HOH HOH ? . 
C 2 HOH 165 566 566 HOH HOH ? . 
C 2 HOH 166 567 567 HOH HOH ? . 
C 2 HOH 167 568 568 HOH HOH ? . 
C 2 HOH 168 569 569 HOH HOH ? . 
C 2 HOH 169 570 570 HOH HOH ? . 
C 2 HOH 170 571 571 HOH HOH ? . 
C 2 HOH 171 572 572 HOH HOH ? . 
C 2 HOH 172 573 573 HOH HOH ? . 
C 2 HOH 173 574 574 HOH HOH ? . 
C 2 HOH 174 575 575 HOH HOH ? . 
C 2 HOH 175 576 576 HOH HOH ? . 
C 2 HOH 176 577 577 HOH HOH ? . 
C 2 HOH 177 578 578 HOH HOH ? . 
C 2 HOH 178 579 579 HOH HOH ? . 
C 2 HOH 179 580 580 HOH HOH ? . 
C 2 HOH 180 581 581 HOH HOH ? . 
C 2 HOH 181 582 582 HOH HOH ? . 
C 2 HOH 182 583 583 HOH HOH ? . 
C 2 HOH 183 584 584 HOH HOH ? . 
C 2 HOH 184 585 585 HOH HOH ? . 
C 2 HOH 185 586 586 HOH HOH ? . 
C 2 HOH 186 589 589 HOH HOH ? . 
C 2 HOH 187 590 590 HOH HOH ? . 
C 2 HOH 188 591 591 HOH HOH ? . 
C 2 HOH 189 592 592 HOH HOH ? . 
C 2 HOH 190 593 593 HOH HOH ? . 
C 2 HOH 191 594 594 HOH HOH ? . 
C 2 HOH 192 595 595 HOH HOH ? . 
C 2 HOH 193 596 596 HOH HOH ? . 
C 2 HOH 194 597 597 HOH HOH ? . 
C 2 HOH 195 598 598 HOH HOH ? . 
C 2 HOH 196 599 599 HOH HOH ? . 
C 2 HOH 197 600 600 HOH HOH ? . 
C 2 HOH 198 601 601 HOH HOH ? . 
C 2 HOH 199 602 602 HOH HOH ? . 
C 2 HOH 200 603 603 HOH HOH ? . 
C 2 HOH 201 604 604 HOH HOH ? . 
C 2 HOH 202 605 605 HOH HOH ? . 
C 2 HOH 203 606 606 HOH HOH ? . 
C 2 HOH 204 607 607 HOH HOH ? . 
C 2 HOH 205 608 608 HOH HOH ? . 
C 2 HOH 206 609 609 HOH HOH ? . 
C 2 HOH 207 610 610 HOH HOH ? . 
C 2 HOH 208 611 611 HOH HOH ? . 
C 2 HOH 209 612 612 HOH HOH ? . 
C 2 HOH 210 613 613 HOH HOH ? . 
C 2 HOH 211 614 614 HOH HOH ? . 
C 2 HOH 212 615 615 HOH HOH ? . 
C 2 HOH 213 616 616 HOH HOH ? . 
C 2 HOH 214 617 617 HOH HOH ? . 
C 2 HOH 215 618 618 HOH HOH ? . 
C 2 HOH 216 619 619 HOH HOH ? . 
C 2 HOH 217 620 620 HOH HOH ? . 
C 2 HOH 218 621 621 HOH HOH ? . 
C 2 HOH 219 622 622 HOH HOH ? . 
C 2 HOH 220 623 623 HOH HOH ? . 
C 2 HOH 221 624 624 HOH HOH ? . 
C 2 HOH 222 625 625 HOH HOH ? . 
C 2 HOH 223 626 626 HOH HOH ? . 
C 2 HOH 224 627 627 HOH HOH ? . 
C 2 HOH 225 628 628 HOH HOH ? . 
C 2 HOH 226 629 629 HOH HOH ? . 
C 2 HOH 227 630 630 HOH HOH ? . 
C 2 HOH 228 631 631 HOH HOH ? . 
C 2 HOH 229 632 632 HOH HOH ? . 
C 2 HOH 230 633 633 HOH HOH ? . 
C 2 HOH 231 634 634 HOH HOH ? . 
C 2 HOH 232 635 635 HOH HOH ? . 
C 2 HOH 233 636 636 HOH HOH ? . 
C 2 HOH 234 637 637 HOH HOH ? . 
C 2 HOH 235 638 638 HOH HOH ? . 
C 2 HOH 236 639 639 HOH HOH ? . 
C 2 HOH 237 640 640 HOH HOH ? . 
C 2 HOH 238 641 641 HOH HOH ? . 
C 2 HOH 239 643 643 HOH HOH ? . 
C 2 HOH 240 644 644 HOH HOH ? . 
C 2 HOH 241 645 645 HOH HOH ? . 
C 2 HOH 242 646 646 HOH HOH ? . 
C 2 HOH 243 647 647 HOH HOH ? . 
C 2 HOH 244 648 648 HOH HOH ? . 
C 2 HOH 245 649 649 HOH HOH ? . 
C 2 HOH 246 650 650 HOH HOH ? . 
C 2 HOH 247 651 651 HOH HOH ? . 
C 2 HOH 248 652 652 HOH HOH ? . 
C 2 HOH 249 653 653 HOH HOH ? . 
C 2 HOH 250 654 654 HOH HOH ? . 
C 2 HOH 251 655 655 HOH HOH ? . 
C 2 HOH 252 656 656 HOH HOH ? . 
C 2 HOH 253 657 657 HOH HOH ? . 
C 2 HOH 254 658 658 HOH HOH ? . 
C 2 HOH 255 659 659 HOH HOH ? . 
C 2 HOH 256 660 660 HOH HOH ? . 
C 2 HOH 257 661 661 HOH HOH ? . 
C 2 HOH 258 662 662 HOH HOH ? . 
C 2 HOH 259 663 663 HOH HOH ? . 
C 2 HOH 260 664 664 HOH HOH ? . 
C 2 HOH 261 665 665 HOH HOH ? . 
C 2 HOH 262 666 666 HOH HOH ? . 
C 2 HOH 263 667 667 HOH HOH ? . 
C 2 HOH 264 668 668 HOH HOH ? . 
C 2 HOH 265 669 669 HOH HOH ? . 
C 2 HOH 266 670 670 HOH HOH ? . 
C 2 HOH 267 671 671 HOH HOH ? . 
C 2 HOH 268 672 672 HOH HOH ? . 
C 2 HOH 269 673 673 HOH HOH ? . 
C 2 HOH 270 674 674 HOH HOH ? . 
C 2 HOH 271 675 675 HOH HOH ? . 
C 2 HOH 272 676 676 HOH HOH ? . 
C 2 HOH 273 677 677 HOH HOH ? . 
C 2 HOH 274 678 678 HOH HOH ? . 
C 2 HOH 275 679 679 HOH HOH ? . 
C 2 HOH 276 680 680 HOH HOH ? . 
C 2 HOH 277 681 681 HOH HOH ? . 
C 2 HOH 278 682 682 HOH HOH ? . 
C 2 HOH 279 683 683 HOH HOH ? . 
C 2 HOH 280 684 684 HOH HOH ? . 
C 2 HOH 281 685 685 HOH HOH ? . 
C 2 HOH 282 686 686 HOH HOH ? . 
C 2 HOH 283 687 687 HOH HOH ? . 
C 2 HOH 284 688 688 HOH HOH ? . 
C 2 HOH 285 689 689 HOH HOH ? . 
C 2 HOH 286 690 690 HOH HOH ? . 
C 2 HOH 287 691 691 HOH HOH ? . 
C 2 HOH 288 692 692 HOH HOH ? . 
C 2 HOH 289 693 693 HOH HOH ? . 
C 2 HOH 290 694 694 HOH HOH ? . 
C 2 HOH 291 695 695 HOH HOH ? . 
C 2 HOH 292 696 696 HOH HOH ? . 
C 2 HOH 293 697 697 HOH HOH ? . 
C 2 HOH 294 698 698 HOH HOH ? . 
C 2 HOH 295 699 699 HOH HOH ? . 
C 2 HOH 296 700 700 HOH HOH ? . 
C 2 HOH 297 701 701 HOH HOH ? . 
C 2 HOH 298 702 702 HOH HOH ? . 
C 2 HOH 299 703 703 HOH HOH ? . 
C 2 HOH 300 704 704 HOH HOH ? . 
C 2 HOH 301 705 705 HOH HOH ? . 
C 2 HOH 302 706 706 HOH HOH ? . 
C 2 HOH 303 707 707 HOH HOH ? . 
C 2 HOH 304 708 708 HOH HOH ? . 
C 2 HOH 305 709 709 HOH HOH ? . 
C 2 HOH 306 710 710 HOH HOH ? . 
C 2 HOH 307 711 711 HOH HOH ? . 
C 2 HOH 308 712 712 HOH HOH ? . 
C 2 HOH 309 713 713 HOH HOH ? . 
C 2 HOH 310 714 714 HOH HOH ? . 
C 2 HOH 311 715 715 HOH HOH ? . 
C 2 HOH 312 716 716 HOH HOH ? . 
C 2 HOH 313 717 717 HOH HOH ? . 
C 2 HOH 314 718 718 HOH HOH ? . 
C 2 HOH 315 719 719 HOH HOH ? . 
C 2 HOH 316 720 720 HOH HOH ? . 
C 2 HOH 317 721 721 HOH HOH ? . 
C 2 HOH 318 722 722 HOH HOH ? . 
C 2 HOH 319 723 723 HOH HOH ? . 
C 2 HOH 320 724 724 HOH HOH ? . 
C 2 HOH 321 725 725 HOH HOH ? . 
C 2 HOH 322 726 726 HOH HOH ? . 
C 2 HOH 323 727 727 HOH HOH ? . 
C 2 HOH 324 728 728 HOH HOH ? . 
C 2 HOH 325 729 729 HOH HOH ? . 
C 2 HOH 326 730 730 HOH HOH ? . 
C 2 HOH 327 731 731 HOH HOH ? . 
C 2 HOH 328 732 732 HOH HOH ? . 
C 2 HOH 329 733 733 HOH HOH ? . 
C 2 HOH 330 734 734 HOH HOH ? . 
C 2 HOH 331 735 735 HOH HOH ? . 
C 2 HOH 332 736 736 HOH HOH ? . 
C 2 HOH 333 737 737 HOH HOH ? . 
C 2 HOH 334 740 740 HOH HOH ? . 
# 
_pdbx_entity_nonpoly.entity_id   2 
_pdbx_entity_nonpoly.name        water 
_pdbx_entity_nonpoly.comp_id     HOH 
# 
