loop_
_pdbx_struct_oper_list.id
_pdbx_struct_oper_list.type
_pdbx_struct_oper_list.name
_pdbx_struct_oper_list.matrix[1][1]
_pdbx_struct_oper_list.matrix[1][2]
_pdbx_struct_oper_list.matrix[1][3]
_pdbx_struct_oper_list.vector[1]
_pdbx_struct_oper_list.matrix[2][1]
_pdbx_struct_oper_list.matrix[2][2]
_pdbx_struct_oper_list.matrix[2][3]
_pdbx_struct_oper_list.vector[2]
_pdbx_struct_oper_list.matrix[3][1]
_pdbx_struct_oper_list.matrix[3][2]
_pdbx_struct_oper_list.matrix[3][3]
_pdbx_struct_oper_list.vector[3]
1 "general operation" . 
    1.00000000    0.00000000    0.00000000       0.00000
    0.00000000    1.00000000    0.00000000       0.00000
    0.00000000    0.00000000    1.00000000       0.00000
2 "general operation" . 
    0.93249500   -0.00124600   -0.36118000     -20.21027
   -0.00124600    0.99997700   -0.00666900      -0.37318
    0.36118000    0.00666900    0.93247200      -3.77860
3 "general operation" . 
    0.73909800   -0.00481800   -0.67358100     -37.69102
   -0.00481800    0.99991100   -0.01243800      -0.69597
    0.67358100    0.01243800    0.73900900     -14.60407
4 "general operation" . 
    0.44592700   -0.01023100   -0.89501100     -50.08140
   -0.01023100    0.99981100   -0.01652600      -0.92475
    0.89501100    0.01652600    0.44573800     -31.01438
5 "general operation" . 
    0.09257800   -0.01675600   -0.99556400     -55.70800
   -0.01675600    0.99969100   -0.01838300      -1.02865
    0.99556400    0.01838300    0.09226800     -50.79321
6 "general operation" . 
   -0.27322900   -0.02351000   -0.96166200     -53.81094
   -0.02351000    0.99956600   -0.01775700      -0.99362
    0.96166200    0.01775700   -0.27366300     -71.26934
7 "general operation" . 
   -0.60208800   -0.02958300   -0.79788100     -44.64640
   -0.02958300    0.99945400   -0.01473300      -0.82440
    0.79788100    0.01473300   -0.60263500     -89.67734
8 "general operation" . 
   -0.84958700   -0.03415300   -0.52634200     -29.45212
   -0.03415300    0.99936900   -0.00971900      -0.54383
    0.52634200    0.00971900   -0.85021700    -103.53112
9 "general operation" . 
   -0.98229700   -0.03660300   -0.18371800     -10.28017
   -0.03660300    0.99932400   -0.00339200      -0.18982
    0.18371800    0.00339200   -0.98297300    -110.95964
10 "general operation" . 
   -0.98229700   -0.03660300    0.18371800      10.28017
   -0.03660300    0.99932400    0.00339200       0.18982
   -0.18371800   -0.00339200   -0.98297300    -110.95964
11 "general operation" . 
   -0.84958700   -0.03415300    0.52634200      29.45212
   -0.03415300    0.99936900    0.00971900       0.54383
   -0.52634200   -0.00971900   -0.85021700    -103.53112
12 "general operation" . 
   -0.60208800   -0.02958300    0.79788100      44.64640
   -0.02958300    0.99945400    0.01473300       0.82440
   -0.79788100   -0.01473300   -0.60263500     -89.67734
13 "general operation" . 
   -0.27322900   -0.02351000    0.96166200      53.81094
   -0.02351000    0.99956600    0.01775700       0.99362
   -0.96166200   -0.01775700   -0.27366300     -71.26934
14 "general operation" . 
    0.09257800   -0.01675600    0.99556400      55.70800
   -0.01675600    0.99969100    0.01838300       1.02865
   -0.99556400   -0.01838300    0.09226800     -50.79321
15 "general operation" . 
    0.44592700   -0.01023100    0.89501100      50.08140
   -0.01023100    0.99981100    0.01652600       0.92475
   -0.89501100   -0.01652600    0.44573800     -31.01438
16 "general operation" . 
    0.73909800   -0.00481800    0.67358100      37.69102
   -0.00481800    0.99991100    0.01243800       0.69597
   -0.67358100   -0.01243800    0.73900900     -14.60407
17 "general operation" . 
    0.93249500   -0.00124600    0.36118000      20.21027
   -0.00124600    0.99997700    0.00666900       0.37318
   -0.36118000   -0.00666900    0.93247200      -3.77860
18 "general operation" . 
   -1.00000000    0.00000000    0.00000000       0.00000
    0.00000000   -1.00000000    0.00000000       0.00000
    0.00000000    0.00000000    1.00000000       0.00000
19 "general operation" . 
   -0.93249500    0.00124600    0.36118000      20.21027
    0.00124600   -0.99997700    0.00666900       0.37318
    0.36118000    0.00666900    0.93247200      -3.77860
20 "general operation" . 
   -0.73909800    0.00481800    0.67358100      37.69102
    0.00481800   -0.99991100    0.01243800       0.69597
    0.67358100    0.01243800    0.73900900     -14.60407
21 "general operation" . 
   -0.44592700    0.01023100    0.89501100      50.08140
    0.01023100   -0.99981100    0.01652600       0.92475
    0.89501100    0.01652600    0.44573800     -31.01438
22 "general operation" . 
   -0.09257800    0.01675600    0.99556400      55.70800
    0.01675600   -0.99969100    0.01838300       1.02865
    0.99556400    0.01838300    0.09226800     -50.79321
23 "general operation" . 
    0.27322900    0.02351000    0.96166200      53.81094
    0.02351000   -0.99956600    0.01775700       0.99362
    0.96166200    0.01775700   -0.27366300     -71.26934
24 "general operation" . 
    0.60208800    0.02958300    0.79788100      44.64640
    0.02958300   -0.99945400    0.01473300       0.82440
    0.79788100    0.01473300   -0.60263500     -89.67734
25 "general operation" . 
    0.84958700    0.03415300    0.52634200      29.45212
    0.03415300   -0.99936900    0.00971900       0.54383
    0.52634200    0.00971900   -0.85021700    -103.53112
26 "general operation" . 
    0.98229700    0.03660300    0.18371800      10.28017
    0.03660300   -0.99932400    0.00339200       0.18982
    0.18371800    0.00339200   -0.98297300    -110.95964
27 "general operation" . 
    0.98229700    0.03660300   -0.18371800     -10.28017
    0.03660300   -0.99932400   -0.00339200      -0.18982
   -0.18371800   -0.00339200   -0.98297300    -110.95964
28 "general operation" . 
    0.84958700    0.03415300   -0.52634200     -29.45212
    0.03415300   -0.99936900   -0.00971900      -0.54383
   -0.52634200   -0.00971900   -0.85021700    -103.53112
29 "general operation" . 
    0.60208800    0.02958300   -0.79788100     -44.64640
    0.02958300   -0.99945400   -0.01473300      -0.82440
   -0.79788100   -0.01473300   -0.60263500     -89.67734
30 "general operation" . 
    0.27322900    0.02351000   -0.96166200     -53.81094
    0.02351000   -0.99956600   -0.01775700      -0.99362
   -0.96166200   -0.01775700   -0.27366300     -71.26934
31 "general operation" . 
   -0.09257800    0.01675600   -0.99556400     -55.70800
    0.01675600   -0.99969100   -0.01838300      -1.02865
   -0.99556400   -0.01838300    0.09226800     -50.79321
32 "general operation" . 
   -0.44592700    0.01023100   -0.89501100     -50.08140
    0.01023100   -0.99981100   -0.01652600      -0.92475
   -0.89501100   -0.01652600    0.44573800     -31.01438
33 "general operation" . 
   -0.73909800    0.00481800   -0.67358100     -37.69102
    0.00481800   -0.99991100   -0.01243800      -0.69597
   -0.67358100   -0.01243800    0.73900900     -14.60407
34 "general operation" . 
   -0.93249500    0.00124600   -0.36118000     -20.21027
    0.00124600   -0.99997700   -0.00666900      -0.37318
   -0.36118000   -0.00666900    0.93247200      -3.77860
