## ncs operations to be applied to coordinates in the crystal frame
loop_
_struct_ncs_oper.id
_struct_ncs_oper.code 
_struct_ncs_oper.details 
_struct_ncs_oper.matrix[1][1]
_struct_ncs_oper.matrix[1][2]
_struct_ncs_oper.matrix[1][3]
_struct_ncs_oper.vector[1]
_struct_ncs_oper.matrix[2][1]
_struct_ncs_oper.matrix[2][2]
_struct_ncs_oper.matrix[2][3] 
_struct_ncs_oper.vector[2]
_struct_ncs_oper.matrix[3][1]
_struct_ncs_oper.matrix[3][2] 
_struct_ncs_oper.matrix[3][3]
_struct_ncs_oper.vector[3]
   1    given ?
        1.00000000    0.00000000    0.00000000             0.00000
        0.00000000    1.00000000    0.00000000             0.00000
        0.00000000    0.00000000    1.00000000             0.00000
   2 generate ?
        0.31094458   -0.82664327   -0.46901491            51.94709
        0.78826883    0.50000000   -0.35865245            31.42050
        0.53098509   -0.25818904    0.80708941            16.22486
   3 generate ?
       -0.80397052   -0.54926737   -0.22789698            34.51651
        0.44880324   -0.30901699   -0.83850066            82.25994
        0.39013700   -0.77641140    0.49495352            48.79047
   4 generate ?
       -0.80397052    0.44880363    0.39013700           -28.20327
       -0.54926688   -0.30901699   -0.77641071            82.25994
       -0.22789698   -0.83850140    0.49495352            52.69227
   5 generate ?
        0.31094458    0.78826954    0.53098509           -49.53565
       -0.82664253    0.50000000   -0.25818881            31.42050
       -0.46901491   -0.35865277    0.80708941            22.53810
   6 generate ?
       -0.99228967    0.00000000    0.12394035             0.00000
        0.00000000   -1.00000000    0.00000000           125.68200
        0.12394035    0.00000000    0.99228967             0.00000
   7 generate ?
       -0.24273662    0.78826954    0.56542960           -49.53565
       -0.78826883   -0.50000000    0.35865245            94.26150
        0.56542960   -0.35865277    0.74273662            22.53810
   8 generate ?
        0.84612536    0.44880363    0.28748453           -28.20327
       -0.44880324    0.30901699    0.83850066            43.42206
        0.28748453   -0.83850140    0.46289164            52.69227
   9 generate ?
        0.76952601   -0.54926737   -0.32578421            34.51651
        0.54926688    0.30901699    0.77641071            43.42206
       -0.32578421   -0.77641140    0.53949098            48.79047
  10 generate ?
       -0.36667696   -0.82664327   -0.42686008            51.94709
        0.82664253   -0.50000000    0.25818881            94.26150
       -0.42686008   -0.25818904    0.86667696            16.22486
  11 generate ?
       -0.06197017   -0.06209000   -0.99614484             3.90180
        0.99807011    0.00000000   -0.06208994            62.84100
        0.00385516   -0.99807100    0.06197017            62.71978
  12 generate ?
       -0.59715095    0.27737590   -0.75264428           -17.43058
        0.27737565   -0.80901699   -0.51822190           113.68044
       -0.75264428   -0.51822237    0.40616795            32.56561
  13 generate ?
       -0.36667696    0.82664327   -0.42686008           -51.94709
       -0.82664253   -0.50000000   -0.25818881            94.26150
       -0.42686008    0.25818904    0.86667696           -16.22486
  14 generate ?
        0.31094458    0.82664327   -0.46901491           -51.94709
       -0.78826883    0.50000000    0.35865245            31.42050
        0.53098509    0.25818904    0.80708941           -16.22486
  15 generate ?
        0.49926373    0.27737590   -0.82085224           -17.43058
        0.33946560    0.80901699    0.47984821            12.00156
        0.79718174   -0.51822237    0.30975327            32.56561
  16 generate ?
       -0.06197017    0.06209000   -0.99614484            -3.90180
       -0.99807011    0.00000000    0.06208994            62.84100
        0.00385516    0.99807100    0.06197017           -62.71978
  17 generate ?
       -0.49926373    0.33946590   -0.79718174           -21.33238
       -0.27737565    0.80901699    0.51822190            12.00156
        0.82085224    0.47984863   -0.30975327           -30.15417
  18 generate ?
       -0.31094458    0.78826954   -0.53098509           -49.53565
        0.82664253    0.50000000    0.25818881            31.42050
        0.46901491   -0.35865277   -0.80708941            22.53810
  19 generate ?
        0.24273662    0.78826954   -0.56542960           -49.53565
        0.78826883   -0.50000000   -0.35865245            94.26150
       -0.56542960   -0.35865277   -0.74273662            22.53810
  20 generate ?
        0.39661126    0.33946590   -0.85291413           -21.33238
       -0.33946560   -0.80901699   -0.47984821           113.68044
       -0.85291413    0.47984863   -0.20562825           -30.15417
  21 generate ?
       -0.06197017    0.99807100    0.00385516           -62.71978
       -0.06208994    0.00000000   -0.99807011            62.84100
       -0.99614484   -0.06209000    0.06197017             3.90180
  22 generate ?
        0.76952601    0.54926737   -0.32578421           -34.51651
       -0.54926688    0.30901699   -0.77641071            43.42206
       -0.32578421    0.77641140    0.53949098           -48.79047
  23 generate ?
        0.49926373   -0.27737590   -0.82085224            17.43058
       -0.33946560    0.80901699   -0.47984821            12.00156
        0.79718174    0.51822237    0.30975327           -32.56561
  24 generate ?
       -0.49926373   -0.33946590   -0.79718174            21.33238
        0.27737565    0.80901699   -0.51822190            12.00156
        0.82085224   -0.47984863   -0.30975327            30.15417
  25 generate ?
       -0.84612536    0.44880363   -0.28748453           -28.20327
        0.44880324    0.30901699   -0.83850066            43.42206
       -0.28748453   -0.83850140   -0.46289164            52.69227
  26 generate ?
        0.06197017    0.99807100   -0.00385516           -62.71978
        0.06208994    0.00000000    0.99807011            62.84100
        0.99614484   -0.06209000   -0.06197017             3.90180
  27 generate ?
        0.80397052    0.44880363   -0.39013700           -28.20327
        0.54926688   -0.30901699    0.77641071            82.25994
        0.22789698   -0.83850140   -0.49495352            52.69227
  28 generate ?
        0.39661126   -0.33946590   -0.85291413            21.33238
        0.33946560   -0.80901699    0.47984821           113.68044
       -0.85291413   -0.47984863   -0.20562825            30.15417
  29 generate ?
       -0.59715095   -0.27737590   -0.75264428            17.43058
       -0.27737565   -0.80901699    0.51822190           113.68044
       -0.75264428    0.51822237    0.40616795           -32.56561
  30 generate ?
       -0.80397052    0.54926737   -0.22789698           -34.51651
       -0.44880324   -0.30901699    0.83850066            82.25994
        0.39013700    0.77641140    0.49495352           -48.79047
