#
_pdbx_point_symmetry.entry_id               1RUG
_pdbx_point_symmetry.Schoenflies_symbol        I 
#
loop_
_pdbx_struct_oper_list.id
_pdbx_struct_oper_list.type 
_pdbx_struct_oper_list.matrix[1][1]
_pdbx_struct_oper_list.matrix[1][2]
_pdbx_struct_oper_list.matrix[1][3]
_pdbx_struct_oper_list.vector[1]
_pdbx_struct_oper_list.matrix[2][1]
_pdbx_struct_oper_list.matrix[2][2]
_pdbx_struct_oper_list.matrix[2][3] 
_pdbx_struct_oper_list.vector[2]
_pdbx_struct_oper_list.matrix[3][1]
_pdbx_struct_oper_list.matrix[3][2] 
_pdbx_struct_oper_list.matrix[3][3]
_pdbx_struct_oper_list.vector[3]
   P         'transform to point frame'
       -0.80901699   -0.30901699    0.50000000             0.00000
        0.50000000   -0.80901699    0.30901699             0.00000
        0.30901699    0.50000000    0.80901699             0.00000
   X0      'transform to crystal frame'
        0.99634800    0.06217600   -0.05852400             0.17359
       -0.05852400    0.99634800    0.06217600             0.17359
        0.06217600   -0.05852400    0.99634800             0.17359
   1     'point symmetry operation'
        1.00000000    0.00000000    0.00000000             0.00000
        0.00000000    1.00000000    0.00000000             0.00000
        0.00000000    0.00000000    1.00000000             0.00000
   2     'point symmetry operation'
        0.50000000   -0.80901699    0.30901699             0.00000
        0.80901700    0.30901699   -0.50000000             0.00000
        0.30901699    0.50000000    0.80901700             0.00000
   3     'point symmetry operation'
       -0.30901699   -0.50000000    0.80901700             0.00000
        0.50000000   -0.80901700   -0.30901700             0.00000
        0.80901699    0.30901700    0.50000000             0.00000
   4     'point symmetry operation'
       -0.30901700    0.50000000    0.80901700             0.00000
       -0.50000000   -0.80901699    0.30901700             0.00000
        0.80901700   -0.30901699    0.50000000             0.00000
   5     'point symmetry operation'
        0.50000000    0.80901699    0.30901700             0.00000
       -0.80901699    0.30901700    0.50000000             0.00000
        0.30901700   -0.50000000    0.80901699             0.00000
   6     'point symmetry operation'
       -0.80901699    0.30901700    0.50000001             0.00000
        0.30901699   -0.50000000    0.80901699             0.00000
        0.49999999    0.80901700    0.30901699             0.00000
   7     'point symmetry operation'
        0.00000000    1.00000000    0.00000000             0.00000
        0.00000000    0.00000000    1.00000000             0.00000
        1.00000000    0.00000000    0.00000000             0.00000
   8     'point symmetry operation'
        0.80901700    0.30901699   -0.50000000             0.00000
        0.30901699    0.50000000    0.80901699             0.00000
        0.50000000   -0.80901700    0.30901699             0.00000
   9     'point symmetry operation'
        0.50000000   -0.80901700   -0.30901699             0.00000
        0.80901699    0.30901699    0.50000000             0.00000
       -0.30901700   -0.50000000    0.80901699             0.00000
  10     'point symmetry operation'
       -0.50000000   -0.80901699    0.30901700             0.00000
        0.80901699   -0.30901700    0.50000000             0.00000
       -0.30901700    0.50000000    0.80901699             0.00000
  11     'point symmetry operation'
       -0.50000000   -0.80901699    0.30901699             0.00000
       -0.80901700    0.30901699   -0.49999999             0.00000
        0.30901700   -0.50000001   -0.80901699             0.00000
  12     'point symmetry operation'
       -0.80901700    0.30901700    0.50000000             0.00000
       -0.30901700    0.50000000   -0.80901699             0.00000
       -0.50000000   -0.80901700   -0.30901699             0.00000
  13     'point symmetry operation'
        0.00000000    1.00000000    0.00000000             0.00000
        0.00000000    0.00000000   -1.00000000             0.00000
       -1.00000000    0.00000000    0.00000000             0.00000
  14     'point symmetry operation'
        0.80901699    0.30901699   -0.50000000             0.00000
       -0.30901699   -0.50000000   -0.80901700             0.00000
       -0.50000000    0.80901700   -0.30901699             0.00000
  15     'point symmetry operation'
        0.50000000   -0.80901699   -0.30901700             0.00000
       -0.80901699   -0.30901700   -0.50000000             0.00000
        0.30901700    0.50000000   -0.80901699             0.00000
  16     'point symmetry operation'
        0.30901699    0.49999999   -0.80901700             0.00000
        0.50000001   -0.80901699   -0.30901700             0.00000
       -0.80901699   -0.30901699   -0.50000000             0.00000
  17     'point symmetry operation'
        0.30901699   -0.50000000   -0.80901700             0.00000
       -0.50000000   -0.80901699    0.30901699             0.00000
       -0.80901699    0.30901700   -0.50000000             0.00000
  18     'point symmetry operation'
       -0.50000000   -0.80901699   -0.30901700             0.00000
       -0.80901700    0.30901699    0.50000000             0.00000
       -0.30901699    0.50000000   -0.80901699             0.00000
  19     'point symmetry operation'
       -1.00000000    0.00000000    0.00000000             0.00000
        0.00000000    1.00000000    0.00000000             0.00000
        0.00000000    0.00000000   -1.00000000             0.00000
  20     'point symmetry operation'
       -0.50000000    0.80901699   -0.30901700             0.00000
        0.80901699    0.30901700   -0.50000000             0.00000
       -0.30901700   -0.50000000   -0.80901699             0.00000
  21     'point symmetry operation'
       -0.49999999   -0.80901700   -0.30901699             0.00000
        0.80901699   -0.30901700   -0.50000001             0.00000
        0.30901699   -0.50000000    0.80901699             0.00000
  22     'point symmetry operation'
       -1.00000000    0.00000000    0.00000000             0.00000
        0.00000000   -1.00000000    0.00000000             0.00000
        0.00000000    0.00000000    1.00000000             0.00000
  23     'point symmetry operation'
       -0.50000000    0.80901700   -0.30901699             0.00000
       -0.80901700   -0.30901699    0.50000000             0.00000
        0.30901699    0.50000000    0.80901699             0.00000
  24     'point symmetry operation'
        0.30901700    0.50000000   -0.80901699             0.00000
       -0.50000000    0.80901700    0.30901699             0.00000
        0.80901699    0.30901699    0.50000000             0.00000
  25     'point symmetry operation'
        0.30901700   -0.50000000   -0.80901699             0.00000
        0.50000000    0.80901699   -0.30901700             0.00000
        0.80901699   -0.30901700    0.50000000             0.00000
  26     'point symmetry operation'
        0.00000000    0.00000000   -1.00000000             0.00000
       -1.00000000    0.00000000    0.00000000             0.00000
        0.00000000    1.00000000    0.00000000             0.00000
  27     'point symmetry operation'
       -0.30901699   -0.50000000   -0.80901700             0.00000
       -0.50000000    0.80901699   -0.30901699             0.00000
        0.80901700    0.30901699   -0.50000000             0.00000
  28     'point symmetry operation'
       -0.80901699   -0.30901700   -0.50000000             0.00000
        0.30901699    0.50000000   -0.80901700             0.00000
        0.50000000   -0.80901700   -0.30901700             0.00000
  29     'point symmetry operation'
       -0.80901700    0.30901699   -0.50000000             0.00000
        0.30901700   -0.50000000   -0.80901700             0.00000
       -0.50000000   -0.80901699    0.30901700             0.00000
  30     'point symmetry operation'
       -0.30901700    0.50000000   -0.80901699             0.00000
       -0.50000000   -0.80901699   -0.30901700             0.00000
       -0.80901699    0.30901700    0.50000000             0.00000
  31     'point symmetry operation'
        0.80901699    0.30901699    0.50000000             0.00000
       -0.30901699   -0.49999999    0.80901700             0.00000
        0.50000001   -0.80901699   -0.30901700             0.00000
  32     'point symmetry operation'
        0.80901699   -0.30901700    0.50000000             0.00000
       -0.30901699    0.50000000    0.80901700             0.00000
       -0.50000000   -0.80901699    0.30901699             0.00000
  33     'point symmetry operation'
        0.30901699   -0.50000000    0.80901699             0.00000
        0.50000000    0.80901699    0.30901700             0.00000
       -0.80901700    0.30901699    0.50000000             0.00000
  34     'point symmetry operation'
        0.00000000    0.00000000    1.00000000             0.00000
        1.00000000    0.00000000    0.00000000             0.00000
        0.00000000    1.00000000    0.00000000             0.00000
  35     'point symmetry operation'
        0.30901700    0.50000000    0.80901699             0.00000
        0.50000000   -0.80901699    0.30901700             0.00000
        0.80901699    0.30901700   -0.50000000             0.00000
  36     'point symmetry operation'
       -0.30901700    0.50000001    0.80901699             0.00000
        0.50000000    0.80901699   -0.30901699             0.00000
       -0.80901700    0.30901699   -0.49999999             0.00000
  37     'point symmetry operation'
        0.50000000    0.80901700    0.30901699             0.00000
        0.80901700   -0.30901700   -0.50000000             0.00000
       -0.30901700    0.50000000   -0.80901699             0.00000
  38     'point symmetry operation'
        1.00000000    0.00000000    0.00000000             0.00000
        0.00000000   -1.00000000    0.00000000             0.00000
        0.00000000    0.00000000   -1.00000000             0.00000
  39     'point symmetry operation'
        0.50000000   -0.80901700    0.30901699             0.00000
       -0.80901699   -0.30901699    0.50000000             0.00000
       -0.30901699   -0.50000000   -0.80901700             0.00000
  40     'point symmetry operation'
       -0.30901700   -0.50000000    0.80901699             0.00000
       -0.50000000    0.80901699    0.30901700             0.00000
       -0.80901699   -0.30901700   -0.50000000             0.00000
  41     'point symmetry operation'
       -0.50000001    0.80901699    0.30901700             0.00000
       -0.80901699   -0.30901699   -0.50000000             0.00000
       -0.30901699   -0.49999999    0.80901700             0.00000
  42     'point symmetry operation'
        0.50000000    0.80901699   -0.30901699             0.00000
       -0.80901699    0.30901700   -0.50000000             0.00000
       -0.30901699    0.50000000    0.80901700             0.00000
  43     'point symmetry operation'
        0.80901700   -0.30901699   -0.50000000             0.00000
       -0.30901699    0.50000000   -0.80901699             0.00000
        0.50000000    0.80901699    0.30901700             0.00000
  44     'point symmetry operation'
        0.00000000   -1.00000000    0.00000000             0.00000
        0.00000000    0.00000000   -1.00000000             0.00000
        1.00000000    0.00000000    0.00000000             0.00000
  45     'point symmetry operation'
       -0.80901699   -0.30901700    0.50000000             0.00000
       -0.30901700   -0.50000000   -0.80901699             0.00000
        0.50000000   -0.80901699    0.30901700             0.00000
  46     'point symmetry operation'
        0.80901700   -0.30901699    0.49999999             0.00000
        0.30901700   -0.50000001   -0.80901699             0.00000
        0.50000000    0.80901699   -0.30901699             0.00000
  47     'point symmetry operation'
        0.30901700   -0.50000000    0.80901699             0.00000
       -0.50000000   -0.80901700   -0.30901699             0.00000
        0.80901700   -0.30901700   -0.50000000             0.00000
  48     'point symmetry operation'
        0.00000000    0.00000000    1.00000000             0.00000
       -1.00000000    0.00000000    0.00000000             0.00000
        0.00000000   -1.00000000    0.00000000             0.00000
  49     'point symmetry operation'
        0.30901699    0.50000000    0.80901700             0.00000
       -0.50000000    0.80901700   -0.30901699             0.00000
       -0.80901699   -0.30901699    0.50000000             0.00000
  50     'point symmetry operation'
        0.80901699    0.30901700    0.50000000             0.00000
        0.30901700    0.50000000   -0.80901699             0.00000
       -0.50000000    0.80901699    0.30901700             0.00000
  51     'point symmetry operation'
       -0.30901699    0.50000000   -0.80901699             0.00000
        0.49999999    0.80901700    0.30901699             0.00000
        0.80901699   -0.30901700   -0.50000001             0.00000
  52     'point symmetry operation'
        0.00000000    0.00000000   -1.00000000             0.00000
        1.00000000    0.00000000    0.00000000             0.00000
        0.00000000   -1.00000000    0.00000000             0.00000
  53     'point symmetry operation'
       -0.30901699   -0.50000000   -0.80901699             0.00000
        0.50000000   -0.80901700    0.30901699             0.00000
       -0.80901700   -0.30901699    0.50000000             0.00000
  54     'point symmetry operation'
       -0.80901699   -0.30901699   -0.50000000             0.00000
       -0.30901700   -0.50000000    0.80901699             0.00000
       -0.50000000    0.80901700    0.30901699             0.00000
  55     'point symmetry operation'
       -0.80901699    0.30901700   -0.50000000             0.00000
       -0.30901700    0.50000000    0.80901699             0.00000
        0.50000000    0.80901699   -0.30901700             0.00000
  56     'point symmetry operation'
        0.00000000   -1.00000000    0.00000000             0.00000
        0.00000000    0.00000000    1.00000000             0.00000
       -1.00000000    0.00000000    0.00000000             0.00000
  57     'point symmetry operation'
       -0.80901700   -0.30901699    0.50000000             0.00000
        0.30901699    0.50000000    0.80901700             0.00000
       -0.50000000    0.80901699   -0.30901699             0.00000
  58     'point symmetry operation'
       -0.50000000    0.80901700    0.30901700             0.00000
        0.80901699    0.30901700    0.50000000             0.00000
        0.30901699    0.50000000   -0.80901700             0.00000
  59     'point symmetry operation'
        0.50000000    0.80901699   -0.30901700             0.00000
        0.80901700   -0.30901699    0.50000000             0.00000
        0.30901700   -0.50000000   -0.80901700             0.00000
  60     'point symmetry operation'
        0.80901699   -0.30901700   -0.50000000             0.00000
        0.30901700   -0.50000000    0.80901699             0.00000
       -0.50000000   -0.80901699   -0.30901700             0.00000
#
loop_
_pdbx_struct_assembly.id
_pdbx_struct_assembly.details
      1           'complete icosahedral assembly'
      2           'icosahedral asymmetric unit'
      3           'icosahedral pentamer'
      4           'icosahedral 23 hexamer'
      PAU         'icosahedral asymmetric unit, std point frame'
      XAU         'crystal asymmetric unit, crystal frame'
#
loop_
_pdbx_struct_assembly_gen.assembly_id
_pdbx_struct_assembly_gen.oper_expression
_pdbx_struct_assembly_gen.asym_id_list
     1            (1-60)            A,B,C,D,E
     2              1                 A,B,C,D,E
     3            (1-5)             A,B,C,D,E
     4            (1,2,6,10,23,24)  A,B,C,D,E
     PAU            P                 A,B,C,D,E
     XAU          (X0)(1-5,11-15,21-25,36-40)    A,B,C,D,E
