## ncs operations to be applied to coordinates in the crystal frame
loop_
_struct_ncs_oper.id
_struct_ncs_oper.code 
_struct_ncs_oper.details 
_struct_ncs_oper.matrix[1][1]
_struct_ncs_oper.matrix[1][2]
_struct_ncs_oper.matrix[1][3]
_struct_ncs_oper.vector[1]
_struct_ncs_oper.matrix[2][1]
_struct_ncs_oper.matrix[2][2]
_struct_ncs_oper.matrix[2][3] 
_struct_ncs_oper.vector[2]
_struct_ncs_oper.matrix[3][1]
_struct_ncs_oper.matrix[3][2] 
_struct_ncs_oper.matrix[3][3]
_struct_ncs_oper.vector[3]
   1    given ?
        1.00000000    0.00000000    0.00000000             0.00000
        0.00000000    1.00000000    0.00000000             0.00000
        0.00000000    0.00000000    1.00000000             0.00000
   2 generate ?
        0.46428231   -0.82990435    0.30935511             0.18336
        0.84439637    0.30935520   -0.43737177             0.04923
        0.26727612    0.46428251    0.84439648            -0.09998
   3 generate ?
       -0.40252693   -0.49841697    0.76782320             0.19670
        0.53635768   -0.80813165   -0.24340008             0.26302
        0.74181705    0.31385311    0.59262459            -0.11254
   4 generate ?
       -0.40252681    0.53635785    0.74181696             0.02159
       -0.49841708   -0.80813170    0.31385278             0.34591
        0.76782336   -0.24339987    0.59262452            -0.02032
   5 generate ?
        0.46428250    0.84439648    0.26727612            -0.09998
       -0.82990435    0.30935512    0.46428231             0.18336
        0.30935521   -0.43737177    0.84439637             0.04923
   6 generate ?
       -0.63056529   -0.70150861    0.33207390             0.34718
       -0.70150862    0.33207390   -0.63056529             0.34718
        0.33207391   -0.63056530   -0.70150861             0.34718
   7 generate ?
       -0.79635621    0.46046965    0.39215350             0.16382
       -0.21383108    0.39215341   -0.89470213             0.29794
       -0.56576751   -0.79635641   -0.21383118             0.44716
   8 generate ?
        0.12389806    0.98541818   -0.11662025             0.00127
       -0.00727759   -0.11662051   -0.99314990             0.36750
       -0.99226828    0.12389784   -0.00727755             0.32559
   9 generate ?
        0.85843741    0.14787595   -0.49113932             0.08416
       -0.36729804   -0.49113959   -0.78985712             0.45971
       -0.35801884    0.85843736   -0.36729782             0.15048
  10 generate ?
        0.39215341   -0.89470214   -0.21383108             0.29794
       -0.79635641   -0.21383119   -0.56576750             0.44716
        0.46046965    0.39215350   -0.79635621             0.16382
  11 generate ?
       -0.49113958   -0.78985712   -0.36729804             0.45971
        0.85843736   -0.36729783   -0.35801884             0.15048
        0.14787595   -0.49113931    0.85843741             0.08416
  12 generate ?
       -0.99314990   -0.00727759   -0.11662050             0.36750
       -0.00727756   -0.99226828    0.12389783             0.32559
       -0.11662025    0.12389808    0.98541818             0.00127
  13 generate ?
       -0.49841697    0.76782320   -0.40252693             0.19670
       -0.80813164   -0.24340008    0.53635768             0.26302
        0.31385311    0.59262459    0.74181705            -0.11254
  14 generate ?
        0.30935511    0.46428230   -0.82990435             0.18336
       -0.43737177    0.84439637    0.30935520             0.04923
        0.84439648    0.26727612    0.46428250            -0.09998
  15 generate ?
        0.31385279   -0.49841708   -0.80813170             0.34591
        0.59262452    0.76782335   -0.24339988            -0.02032
        0.74181696   -0.40252681    0.53635785             0.02159
  16 generate ?
       -0.24339988    0.59262453    0.76782336            -0.02032
        0.53635785    0.74181696   -0.40252680             0.02159
       -0.80813170    0.31385278   -0.49841707             0.34591
  17 generate ?
        0.59262458    0.74181705    0.31385311            -0.11254
        0.76782321   -0.40252693   -0.49841697             0.19670
       -0.24340009    0.53635768   -0.80813164             0.26302
  18 generate ?
        0.98541818   -0.11662025    0.12389806             0.00127
       -0.11662050   -0.99314990   -0.00727759             0.36750
        0.12389784   -0.00727756   -0.99226828             0.32559
  19 generate ?
        0.39215350   -0.79635621    0.46046964             0.16382
       -0.89470213   -0.21383108    0.39215341             0.29794
       -0.21383118   -0.56576751   -0.79635641             0.44716
  20 generate ?
       -0.36729782   -0.35801883    0.85843736             0.15048
       -0.49113932    0.85843741    0.14787596             0.08416
       -0.78985712   -0.36729805   -0.49113958             0.45971
