

Program findframe

Matrices will be read from 2nd input file

Coordinates input is a cif file

parsing (_pdbx_struct_oper_list.)  ntot=868 : Row=62 : data_item=14 : loop=1

parsing (_cell.)  ntot=9 : Row=1 : data_item=9 : loop=0

parsing (_symmetry.)  ntot=5 : Row=1 : data_item=5 : loop=0

parsing (_atom_site.)  ntot=163514 : Row=6289 : data_item=26 : loop=1
804 CA and/or P coordinates read

coordinate center of mass: 29.836705 20.661863 125.089782

60 matrices read

 one identity matrix read in 
icosahedral symmetry: I

 Icosahedral asymmetric unit is 3-fold centric
 closest 5-fold will be aligned to the vector  ( 0, 1, phi)
 closest 3-fold will be aligned to ( phi/3, 0, (2*phi+1)/3)

FINDFRAME MAT START
rot:    -0.80901700   -0.30901699    0.50000000 trans:              0.00000
rot:     0.49999999   -0.80901700    0.30901700 trans:              0.00000
rot:     0.30901699    0.50000000    0.80901699 trans:              0.00000

rmsd (Angstrom) before fit   0.000002  after fit    0.000001

FINDFRAME MAT FINAL
rot:    -0.80901699   -0.30901699    0.50000000 trans:              0.00000
rot:     0.50000000   -0.80901699    0.30901699 trans:              0.00000
rot:     0.30901699    0.50000000    0.80901699 trans:              0.00000


 writing assembly cif records to *findframe.cif*


PROGRAM makeassembly


parsing (_symmetry.)  ntot=5 : Row=1 : data_item=5 : loop=0

parsing (_entry.)  ntot=1 : Row=1 : data_item=1 : loop=0

parsing (_cell.)  ntot=9 : Row=1 : data_item=9 : loop=0
pdb id: 1RUG
a:      445.100000
b:      445.100000
c:      445.100000
alpha:  90.000000
beta:   90.000000
gamma:  90.000000
s.g.:   'P 21 3'

parsing (_struct_asym.)  ntot=25 : Row=5 : data_item=5 : loop=1
number of chains read: 5
chain asym id: A   entity id:  1
chain asym id: B   entity id:  2
chain asym id: C   entity id:  3
chain asym id: D   entity id:  4
chain asym id: E   entity id:  5
location of space group data: /Users/cathylawson/Programs/pointsuite-next/data/space_group.cif
number of symops read for s.g. 'P 21 3':    12

parsing (_pdbx_point_symmetry.)  ntot=2 : Row=1 : data_item=2 : loop=0
the item (_pdbx_point_symmetry.circular_symmetry) is not found
cif table (_pdbx_helical_symmetry.) not found.
 symmetry info (from  makextrans.cif): I

parsing (_pdbx_struct_oper_list.)  ntot=30 : Row=2 : data_item=15 : loop=1
 transform to point or helical frame matrix: 
       -0.80901699 -0.30901699  0.50000000        0.0000000
        0.50000000 -0.80901699  0.30901699        0.0000000
        0.30901699  0.50000000  0.80901699        0.0000000
        0.00000000  0.00000000  0.00000000        1.0000000

parsing (_exptl.)  ntot=3 : Row=1 : data_item=3 : loop=0
_exptl.method read from file 1RUG.cif is: X-RAY DIFFRACTION
1 transform to crystal frame matrices (from makextrans.cif)
        0.996348  0.062176 -0.058524        0.17359
       -0.058524  0.996348  0.062176        0.17359
        0.062176 -0.058524  0.996348        0.17359



 writing assembly cif records to *assembly.cif*
 writing assembly BIOMT records to *assembly.biomt*
  number of assembly matrices: 60


  1 independent particle(s) in crystal unit cell
 writing ncs cif records to *assembly.ncs*
*************************************************
 PARTICLE  1 
 deposited frame to crystal frame transformation:
 1  0.996348  0.062176 -0.058524        0.17359
 1 -0.058524  0.996348  0.062176        0.17359
 1  0.062176 -0.058524  0.996348        0.17359
 crystal symops contributing to point symmetry:
   1  5  9  of  12 crystal symops total
 point operations corresponding to ncs ops:
   1  2  3  4  5 11 12 13 14 15 21 22 23 24 25
  36 37 38 39 40
  20 of  60 point ops 
closing assembly.cif
 
removing assembly cif categories if present
 
no loop detected for _pdbx_point_symmetry\.
no _pdbx_helical_symmetry\. category present
loop detected for _pdbx_struct_assembly\.
loop detected for _pdbx_struct_assembly_gen\.
loop detected for _pdbx_struct_oper_list\.
